Description	Chr	Start	End	Length	Min Depth	Max Depth	Average Depth
GRIK3_ex	chr1	37271737	37271884	148	1144	1745	1517.7
GRIK3_ex_2	chr1	37346222	37346474	253	1461	3359	2652.19
MACF1_ex	chr1	39927559	39927709	151	1106	1781	1478.6
PABPC4_ex	chr1	40035524	40035667	144	1073	1571	1406.72
NT5C1A_ex	chr1	40124904	40125044	141	1358	1950	1689.62
MYCL_ex	chr1	40363259	40363431	173	826	1325	1152.29
RLF_ex	chr1	40627119	40627271	153	1035	1627	1405.42
LRRIQ3_ex	chr1	74575056	74575253	198	870	1664	1367.65
TGFBR3_ex	chr1	92185462	92185681	220	943	1968	1572.43
LPPR4_ex	chr1	99771257	99772585	1329	1143	3075	2604.39
NRAS_ex	chr1	115256398	115256631	234	1268	2373	1951.82
NRAS_ex_2	chr1	115258638	115258818	181	1589	2521	2167.35
TARS2_ex	chr1	150477075	150477229	155	1308	2292	1935.57
MCL1_ex	chr1	150550760	150550919	160	1421	2100	1872.64
CTSS_ex	chr1	150727470	150727631	162	1208	1718	1517.78
SEMA6C_ex	chr1	151108075	151108232	158	1130	1659	1453.73
RFX5_ex	chr1	151316185	151316324	140	1608	2234	1982.23
LELP1_ex	chr1	153177253	153177394	142	1294	2032	1776.3
S100A7_ex	chr1	153430293	153430426	134	1018	1463	1290.47
DENND4B_ex	chr1	153907318	153907429	112	555	854	765.714
HAX1_ex	chr1	154246270	154246346	77	1255	1507	1414.61
IL6R_ex	chr1	154401715	154401878	164	786	1496	1246.73
PKLR_ex	chr1	155264325	155264472	148	831	1232	1068.5
SPTA1_ex	chr1	158627234	158627465	232	1183	1800	1579.28
SPTA1_ex_2	chr1	158632484	158632728	245	1553	2551	2188.57
DDR2_ex	chr1	162743224	162743417	194	1713	2643	2255.76
DDR2_ex_2	chr1	162745419	162745656	238	1538	2568	2192
DDR2_ex_3	chr1	162745904	162746192	289	2080	3869	3081.68
DDR2_ex_4	chr1	162748334	162748548	215	1848	3009	2636.99
DDR2_ex_5	chr1	162749879	162750051	173	1426	2310	2004.32
TNN_ex	chr1	175086076	175086211	136	1363	2159	1877.29
TNN_ex_2	chr1	175086221	175086297	77	1354	2050	1723.81
TNR_ex	chr1	175372301	175372766	466	903	2712	2162.27
ASTN1_ex	chr1	176915056	176915285	230	1199	2157	1804.28
ASTN1_ex_2	chr1	177001586	177002014	429	1290	2473	2046.2
BRINP3_ex	chr1	190067124	190068224	1101	1451	3709	2982.19
BRINP3_ex_2	chr1	190203479	190203619	141	1067	1523	1350.22
KCNT2_ex	chr1	196227340	196227582	243	1510	2732	2398.82
NLRP3_ex	chr1	247587162	247588364	1203	1435	3516	2983.94
NLRP3_ex_2	chr1	247588367	247588817	451	2635	3678	3309.28
NLRP3_ex_3	chr1	247588817	247588895	79	1980	2751	2411.23
TRIM58_ex	chr1	248039192	248039764	573	1232	3430	2695.86
DDX1_ex	chr2	15760345	15760498	154	5572	7670	6890.83
MYCN_ex	chr2	16082505	16082642	138	321	779	615.029
ALK_ex	chr2	29416068	29416797	730	1624	4061	3311.43
ALK_ex_2	chr2	29419608	29419751	144	1315	2135	1865.14
ALK_ex_3	chr2	29420373	29420567	195	1740	2762	2386.22
ALK_ex_4	chr2	29430003	29430159	157	1260	2165	1879.43
ALK_ex_5	chr2	29432613	29432759	147	1626	2412	2123.95
ALK_ex_6	chr2	29436818	29436971	154	1327	1933	1719.69
ALK_ex_7	chr2	29443538	29443734	197	1280	2280	1895.25
ALK_ex_8	chr2	29445168	29445304	137	1786	2473	2243.69
ALK_ex_9	chr2	29445348	29445487	140	1273	2164	1822.31
ALK_ex_10	chr2	29446178	29446811	634	1745	3942	3248.38
ALK_ex_11	chr2	29446818	29448463	1646	2168	4161	3477.11
SLC8A1_ex	chr2	40655614	40657081	1468	733	3217	2551.12
SLC8A1_ex_2	chr2	40657084	40657440	357	1664	2789	2422.79
LRRTM4_ex	chr2	77745452	77746964	1513	1233	3368	2781.27
REG3A_ex	chr2	79384672	79384750	79	749	938	867.797
REG3A_ex_2	chr2	79384762	79384840	79	505	883	692.063
REG3A_ex_3	chr2	79385437	79385543	107	1238	1670	1516.79
CTNNA2_ex	chr2	80085113	80085323	211	1124	2117	1729.57
CTNNA2_ex_2	chr2	80101198	80101492	295	547	1952	1534.3
CTNNA2_ex_3	chr2	80136708	80136972	265	695	1459	1174.96
LRRTM1_ex	chr2	80529410	80530860	1451	758	3058	2289.88
ST6GAL2_ex	chr2	107423111	107423415	305	1037	2439	1924.91
CNTNAP5_ex	chr2	125261856	125262161	306	1039	2160	1722.7
LRP1B_ex	chr2	141242897	141243115	219	1104	2039	1674.32
LRP1B_ex_2	chr2	141665412	141665650	239	711	1289	1079.19
KCNJ3_ex	chr2	155711255	155711854	600	1242	2750	2214.06
NFE2L2_ex	chr2	178095482	178096587	1106	1252	3099	2596.75
NFE2L2_ex_2	chr2	178096587	178096759	173	1724	2522	2295.47
NFE2L2_ex_3	chr2	178097127	178097309	183	1319	2204	1879.18
NFE2L2_ex_4	chr2	178097952	178098091	140	778	1061	945.543
NFE2L2_ex_5	chr2	178098702	178099022	321	1019	2810	2141.39
SF3B1_ex	chr2	198267256	198267583	328	326	1891	1393.36
ERBB4_ex	chr2	212286709	212286845	137	1089	1483	1329.29
ERBB4_ex_2	chr2	212288844	212289051	208	1268	2112	1796.79
ERBB4_ex_3	chr2	212293094	212293234	141	1181	1696	1491.59
ERBB4_ex_4	chr2	212295644	212295847	204	918	2168	1745.75
ERBB4_ex_5	chr2	212426604	212426850	247	1279	2266	1893.56
ERBB4_ex_6	chr2	212483874	212484009	136	928	1379	1224.45
ERBB4_ex_7	chr2	212488614	212488802	189	977	1964	1605.39
CUL3_ex	chr2	225338940	225339104	165	1197	1918	1681.41
CUL3_ex_2	chr2	225342895	225343098	204	1257	2132	1795.87
CUL3_ex_3	chr2	225346585	225346828	244	1443	2532	2099.9
CUL3_ex_4	chr2	225360525	225360695	171	1150	2217	1851.81
CUL3_ex_5	chr2	225362445	225362591	147	1316	1985	1732.06
CUL3_ex_6	chr2	225365045	225365224	180	1269	2006	1725.78
CUL3_ex_7	chr2	225367655	225367800	146	1311	1883	1664.06
CUL3_ex_8	chr2	225368335	225368547	213	1079	1890	1614.21
CUL3_ex_9	chr2	225370650	225370855	206	1270	2207	1839.22
CUL3_ex_10	chr2	225371545	225371754	210	1328	2147	1837.52
CUL3_ex_11	chr2	225376050	225376300	251	1164	2209	1764.94
CUL3_ex_12	chr2	225378220	225378390	171	498	1181	966.708
CUL3_ex_13	chr2	225379295	225379508	214	1325	2328	1958.4
CUL3_ex_14	chr2	225400220	225400397	178	1051	1860	1577.35
CUL3_ex_15	chr2	225422350	225422599	250	206	1992	1343.19
CUL3_ex_16	chr2	225449620	225449754	135	723	1094	945.074
ASB18_ex	chr2	237172815	237172971	157	1123	1631	1434.43
RAF1_ex	chr3	12625987	12626199	213	1740	2760	2367.1
RAF1_ex_2	chr3	12632272	12632487	216	1051	2009	1697.93
RAF1_ex_3	chr3	12633172	12633310	139	1362	2140	1914.45
MYD88_ex	chr3	38182589	38182802	214	1028	2573	2039.7
CTNNB1_ex	chr3	41266046	41266203	158	1133	1515	1368.49
FOXP1_ex	chr3	71015043	71015201	159	1667	2385	2108.75
PDZRN3_ex	chr3	73432596	73433959	1364	1286	3289	2497.49
ROBO1_ex	chr3	78766421	78766566	146	1126	1723	1522.49
ZIC4_ex	chr3	147108706	147109059	354	735	1722	1361.07
ZIC4_ex_2	chr3	147113616	147114276	661	1674	3145	2405.55
ZIC1_ex	chr3	147127941	147128721	781	895	2508	1850.59
ZIC1_ex_2	chr3	147128786	147128884	99	1531	2215	1888.66
IQCJ_ex	chr3	158982995	158983175	181	1844	2769	2419.01
MECOM_ex	chr3	168840358	168840506	149	1359	1923	1734.46
MYNN_ex	chr3	169501222	169501373	152	1593	2312	2010.52
SAMD7_ex	chr3	169646232	169646375	144	1547	2290	2031.76
PHC3_ex	chr3	169896647	169896721	75	1534	1857	1743.63
CLDN11_ex	chr3	170140951	170141100	150	1330	2080	1799.27
SLC2A2_ex	chr3	170716001	170716143	143	1084	1575	1390.18
PIK3CA_ex	chr3	178916514	178916999	486	1707	3401	2784.21
PIK3CA_ex_2	chr3	178921304	178921594	291	1727	3142	2665.79
PIK3CA_ex_3	chr3	178927964	178928132	169	1245	2464	2062.14
PIK3CA_ex_4	chr3	178935989	178936159	171	1061	1759	1539.92
PIK3CA_ex_5	chr3	178951854	178952172	319	1264	2450	2034.5
SOX2_ex	chr3	181430124	181430303	180	456	1694	1103.53
SOX2_ex_2	chr3	181430354	181430630	277	1539	2879	2282.48
SOX2_ex_3	chr3	181430674	181430922	249	1412	2035	1766.12
SOX2_ex_4	chr3	181430929	181431073	145	892	1897	1427.45
ATP11B_ex	chr3	182584062	182584219	158	869	1291	1124.56
MCCC1_ex	chr3	182733212	182733363	152	1485	2220	1944.95
MCF2L2_ex	chr3	183014776	183014924	149	1492	2235	1978.41
KLHL6_ex	chr3	183273223	183273359	137	1575	2315	2025.83
HTR3E_ex	chr3	183818283	183818415	133	1649	2278	2010.2
TP63_ex	chr3	189455494	189455678	185	1322	2120	1814.86
TP63_ex_2	chr3	189526039	189526349	311	1068	2407	1883.51
TP63_ex_3	chr3	189586344	189586525	182	1412	2285	1950.71
GABRA2_ex	chr4	46252300	46252618	319	1348	2722	2180.66
FRYL_ex	chr4	48622620	48622811	192	1675	2507	2205.51
PDGFRA_ex	chr4	55139671	55139926	256	1447	2547	2119.8
PDGFRA_ex_2	chr4	55140661	55140810	150	1550	2288	2037.93
PDGFRA_ex_3	chr4	55140976	55141165	190	1856	2633	2332.99
PDGFRA_ex_4	chr4	55143521	55143671	151	2122	3171	2793.72
PDGFRA_ex_5	chr4	55144041	55144214	174	1196	1940	1648.44
PDGFRA_ex_6	chr4	55144496	55144724	229	1343	2319	2007.11
PDGFRA_ex_7	chr4	55146461	55146680	220	484	1914	1455.57
PDGFRA_ex_8	chr4	55151506	55151679	174	1784	2894	2543.94
PDGFRA_ex_9	chr4	55151986	55152174	189	539	1742	1273.57
PDGFRA_ex_10	chr4	55153571	55153751	181	1328	2185	1865.47
PDGFRA_ex_11	chr4	55154941	55155077	137	1449	2090	1871.82
PDGFRA_ex_12	chr4	55155151	55155322	172	2497	3303	2978.01
KIT_ex	chr4	55592001	55592232	232	1586	3096	2525.03
KIT_ex_2	chr4	55593361	55593499	139	1657	2775	2352.75
KIT_ex_3	chr4	55593551	55593724	174	1873	2984	2653.71
KIT_ex_4	chr4	55593961	55594111	151	1849	2505	2308.58
KIT_ex_5	chr4	55594151	55594327	177	1767	2756	2457.49
KIT_ex_6	chr4	55595471	55595693	223	1146	1928	1642.82
KIT_ex_7	chr4	55597456	55597604	149	1094	1793	1535.5
KIT_ex_8	chr4	55598001	55598189	189	907	2622	1964.95
KIT_ex_9	chr4	55599211	55599391	181	1106	1845	1585.01
KIT_ex_10	chr4	55602631	55602806	176	1752	2923	2586.12
KIT_ex_11	chr4	55602856	55602999	144	1392	2272	1910.79
KIT_ex_12	chr4	55603311	55603491	181	1228	1945	1744.66
KDR_ex	chr4	55955013	55955154	142	1405	1891	1718.23
KDR_ex_2	chr4	55962373	55962551	179	1004	2048	1724.04
KDR_ex_3	chr4	55964278	55964468	191	1252	2108	1807.99
FBXW7_ex	chr4	153247190	153247405	216	1048	2024	1712.5
MARCH1_ex	chr4	164534436	164534688	253	1524	2895	2358.7
TRIP13_ex	chr5	917097	917247	151	1668	2356	2100.79
NKD2_ex	chr5	1034312	1034466	155	2123	3428	2964.46
SLC6A19_ex	chr5	1216902	1217054	153	1353	2408	2080.16
TERT_ex	chr5	1295072	1295271	200	65	155	112.775
FBXL7_ex	chr5	15927993	15928621	629	1249	2994	2230.33
CDH18_ex	chr5	19473429	19473853	425	1719	3562	2889.64
CDH12_ex	chr5	21751830	21752361	532	1316	3836	3002.14
CDH12_ex_2	chr5	22078530	22078784	255	1737	3503	2871.85
CDH9_ex	chr5	26881229	26881749	521	1936	3719	3148.45
CDH9_ex_2	chr5	26906034	26906250	217	1617	3003	2511.26
CDH9_ex_3	chr5	26915729	26916048	320	1409	2945	2372.16
ADAMTS12_ex	chr5	33576138	33577189	1052	2334	4377	3792.11
ADAMTS12_ex_2	chr5	33683948	33684170	223	1266	1982	1718.5
SLC45A2_ex	chr5	33947248	33947491	244	2028	3524	3000.07
UGT3A2_ex	chr5	36037928	36038001	74	1434	1744	1645.95
UGT3A2_ex_2	chr5	36038013	36038091	79	1005	1634	1382.63
SKP2_ex	chr5	36183948	36184102	155	1386	2274	1996.4
SLC1A3_ex	chr5	36679773	36679913	141	1455	2325	2000.14
NUP155_ex	chr5	37370928	37371073	146	876	1380	1203.06
EGFLAM_ex	chr5	38352293	38352437	145	1538	2189	1941.17
C9_ex	chr5	39306733	39306870	138	1626	2412	2141.44
HCN1_ex	chr5	45262028	45262905	878	1861	3680	3074.45
HCN1_ex_2	chr5	45267168	45267374	207	1776	3033	2563.68
HCN1_ex_3	chr5	45353198	45353353	156	1138	1727	1533.44
HTR1A_ex	chr5	63256324	63257490	1167	1063	3301	2483.57
HAPLN1_ex	chr5	82937302	82937528	227	552	1082	875.018
FBN2_ex	chr5	127648290	127648512	223	1517	2462	2134.67
PDGFRB_ex	chr5	149498288	149498434	147	1625	2338	2037.23
PDGFRB_ex_2	chr5	149499008	149499153	146	1615	2429	2105.08
PDGFRB_ex_3	chr5	149499553	149499723	171	2240	3193	2834.63
PDGFRB_ex_4	chr5	149500428	149500605	178	1735	2685	2337.56
PDGFRB_ex_5	chr5	149500738	149500927	190	1385	2136	1877.11
PDGFRB_ex_6	chr5	149501418	149501626	209	1456	3278	2601.16
PDGFRB_ex_7	chr5	149502573	149502798	226	1859	3887	3154.52
PDGFRB_ex_8	chr5	149503788	149503961	174	1646	2538	2184.95
PDGFRB_ex_9	chr5	149504258	149504418	161	496	961	798.422
PDGFRB_ex_10	chr5	149504978	149505164	187	933	1668	1384.7
GABRA6_ex	chr5	161128482	161128768	287	1250	2710	2195.76
SLIT3_ex	chr5	168134946	168135167	222	1597	2696	2275.37
ROS1_ex	chr6	117609633	117609983	351	1207	2369	1972.02
ROS1_ex_2	chr6	117622113	117622313	201	1398	2560	2152.64
ROS1_ex_3	chr6	117629933	117630106	174	1356	2301	1995.87
ROS1_ex_4	chr6	117631223	117631463	241	1067	2281	1874.97
ROS1_ex_5	chr6	117632148	117632288	141	1317	1802	1602.51
ROS1_ex_6	chr6	117638273	117638470	198	1304	1963	1702.95
ROS1_ex_7	chr6	117639298	117639453	156	1169	1642	1471.37
ROS1_ex_8	chr6	117641008	117641428	421	1583	3435	2839.31
ROS1_ex_9	chr6	117641438	117642993	1556	439	3073	2553.04
ROS1_ex_10	chr6	117645158	117646127	970	1913	3039	2613.25
ROS1_ex_11	chr6	117647288	117648778	1491	628	3248	2724.28
ROS1_ex_12	chr6	117648943	117650620	1678	2222	3496	2916.38
ROS1_ex_13	chr6	117657883	117658535	653	1081	2771	2250.24
PARK2_ex	chr6	161969889	161970031	143	573	824	725.336
PACRG_ex	chr6	163149267	163149420	154	1035	1675	1446.94
C6orf118_ex	chr6	165715051	165715324	274	1130	2705	2240.17
C6orf118_ex_2	chr6	165715336	165715696	361	2090	3316	2938.73
HDAC9_ex	chr7	18705854	18706045	192	1270	2295	1924.07
POM121L12_ex	chr7	53103391	53104267	877	1196	2995	2296.35
VSTM2A_ex	chr7	54617611	54617769	159	915	1594	1377.41
EGFR_ex	chr7	55241591	55241759	169	1484	2259	1942.05
EGFR_ex_2	chr7	55242381	55242526	146	1577	2395	2099.98
EGFR_ex_3	chr7	55248951	55249200	250	1573	2631	2244.46
EGFR_ex_4	chr7	55259376	55259601	226	1519	2790	2357.48
EGFR_ex_5	chr7	55260416	55260574	159	1128	1815	1597.65
EGFR_ex_6	chr7	55266386	55266601	216	1639	2733	2328.5
EGFR_ex_7	chr7	55267986	55268123	138	1829	2711	2369.07
LANCL2_ex	chr7	55492961	55493101	141	1878	2751	2462.19
ZNF713_ex	chr7	55990836	55990988	153	1618	2325	2069.02
ZAN_ex	chr7	100385525	100385744	220	1340	2521	2117.35
MET_ex	chr7	116411893	116412071	179	3576	5584	4778.45
MET_ex_2	chr7	116417408	116417550	143	3210	4653	4173.64
MET_ex_3	chr7	116418808	116419051	244	3346	5422	4651.55
MET_ex_4	chr7	116422018	116422192	175	1981	2886	2549.71
MET_ex_5	chr7	116423323	116423536	214	3719	5293	4712.64
MET_ex_6	chr7	116435673	116435857	185	2210	4760	3831.98
MET_ex_7	chr7	116435918	116436202	285	3335	6290	5253.42
KCND2_ex	chr7	119914661	119915728	1068	1769	4902	3716.19
GRM8_ex	chr7	126172979	126173946	968	1372	3853	3265.45
CHRM2_ex	chr7	136699601	136701045	1445	1515	3942	3440.6
BRAF_ex	chr7	140434372	140434446	75	1062	1641	1344.6
BRAF_ex_2	chr7	140434482	140434561	80	534	1289	886.2
BRAF_ex_3	chr7	140439682	140439757	76	649	764	711.368
BRAF_ex_4	chr7	140449052	140449119	68	1045	1357	1224.82
BRAF_ex_5	chr7	140449177	140449255	79	820	1272	1098.72
BRAF_ex_6	chr7	140453047	140453225	179	1121	1666	1488.55
BRAF_ex_7	chr7	140453937	140454069	133	1580	2323	2096.71
BRAF_ex_8	chr7	140476747	140476828	82	975	1521	1281.91
BRAF_ex_9	chr7	140476842	140476919	78	1085	1601	1417.05
BRAF_ex_10	chr7	140477762	140477913	152	1473	2454	2145.09
BRAF_ex_11	chr7	140481379	140481507	129	378	572	510.891
CNTNAP2_ex	chr7	146829378	146829605	228	1441	2573	2139.38
CSMD1_ex	chr8	2855544	2855681	138	963	1414	1257.14
SGCZ_ex	chr8	13959864	13960019	156	728	1229	1046.35
LPL_ex	chr8	19809280	19809487	208	1762	2645	2332.48
WHSC1L1_ex	chr8	38173423	38173569	147	1021	1551	1370.64
FGFR1_ex	chr8	38271413	38271567	155	1054	1567	1420.38
FGFR1_ex_2	chr8	38271643	38271843	201	1219	1895	1644.65
FGFR1_ex_3	chr8	38272033	38272174	142	1001	1438	1237.39
FGFR1_ex_4	chr8	38272268	38272446	179	1452	2339	2037.99
FGFR1_ex_5	chr8	38273358	38273606	249	1099	2532	1969.79
FGFR1_ex_6	chr8	38274798	38274969	172	935	1337	1201.27
FGFR1_ex_7	chr8	38275353	38275526	174	922	1682	1418.16
DCAF4L2_ex	chr8	88885057	88885301	245	2613	3793	3313.41
DCAF4L2_ex_2	chr8	88885302	88885455	154	1809	2752	2293.07
DCAF4L2_ex_3	chr8	88885462	88885546	85	1731	2137	1939.46
DCAF4L2_ex_4	chr8	88885557	88886235	679	1982	4556	3527.43
CSMD3_ex	chr8	113256609	113256816	208	2099	3513	2950.12
CSMD3_ex_2	chr8	113301569	113301781	213	1735	3150	2632.25
CSMD3_ex_3	chr8	113304734	113304955	222	1875	3289	2760.58
CSMD3_ex_4	chr8	113568979	113569192	214	1648	3216	2664.78
CSMD3_ex_5	chr8	113694634	113694887	254	1900	3409	2895.05
CSMD3_ex_6	chr8	113697629	113697972	344	2254	4016	3475.65
MYC_ex	chr8	128750807	128750953	147	3492	7417	6066.34
TG_ex	chr8	133905914	133906161	248	2634	4635	3863.46
FAM135B_ex	chr8	139151207	139151354	148	1399	2617	2188.4
FAM135B_ex_2	chr8	139163432	139165467	2036	421	5034	4058.28
COL22A1_ex	chr8	139606232	139606449	218	1327	2433	2045.78
PTPRD_ex	chr9	8528610	8528754	145	1097	1611	1373.97
CDKN2A_ex	chr9	21968154	21968293	140	697	1500	1188.81
CDKN2A_ex_2	chr9	21968669	21968817	149	752	1021	911.128
CDKN2A_ex_3	chr9	21970869	21971023	155	405	573	494.974
CDKN2A_ex_4	chr9	21971074	21971146	73	258	419	371.411
CDKN2A_ex_5	chr9	21974444	21974836	393	372	1741	1190.75
ASTN2_ex	chr9	119976629	119976988	360	1099	2766	2127.3
ABL1_ex	chr9	133738125	133738431	307	1935	3466	2946.81
ABL1_ex_2	chr9	133747485	133747622	138	1583	2236	1973.25
ABL1_ex_3	chr9	133748215	133748439	225	1447	3022	2443.23
ABL1_ex_4	chr9	133750230	133750477	248	2067	3138	2695.4
ABL1_ex_5	chr9	133753770	133753998	229	1580	2737	2306.72
ABL1_ex_6	chr9	133755415	133755561	147	1544	2342	2065.7
NOTCH1_ex	chr9	139390492	139392023	1532	1123	3394	2715.67
NOTCH1_ex_2	chr9	139396697	139396976	280	490	1733	1249.93
NOTCH1_ex_3	chr9	139397602	139397822	221	1242	2337	1953.29
NOTCH1_ex_4	chr9	139399092	139399590	499	723	1964	1513.86
RET_ex	chr10	43606627	43609247	2621	1107	3802	2926.16
RET_ex_2	chr10	43609672	43612193	2522	1423	3905	2869.08
RET_ex_3	chr10	43613787	43613935	149	636	933	829.919
RET_ex_4	chr10	43614952	43615241	290	990	2035	1585.81
RET_ex_5	chr10	43615497	43615675	179	1661	2714	2300.43
RET_ex_6	chr10	43617347	43617495	149	1721	2539	2234.64
RET_ex_7	chr10	43619092	43619274	183	1700	2634	2282.42
RET_ex_8	chr10	43620297	43620443	147	1635	2563	2255.74
GRID1_ex	chr10	87628744	87628948	205	1706	2866	2416.87
PTEN_ex	chr10	89624272	89624350	79	1003	1210	1117.96
PTEN_ex_2	chr10	89653752	89653825	74	613	898	784.297
PTEN_ex_3	chr10	89653832	89653909	78	716	953	866.526
PTEN_ex_4	chr10	89685272	89685376	105	630	827	761.219
PTEN_ex_5	chr10	89690752	89690894	143	1086	1575	1375.43
PTEN_ex_6	chr10	89692737	89692810	74	561	995	770.959
PTEN_ex_7	chr10	89692877	89692951	75	1265	1514	1412.87
PTEN_ex_8	chr10	89692972	89693037	66	1105	1503	1338.64
PTEN_ex_9	chr10	89711887	89711966	80	700	817	776.375
PTEN_ex_10	chr10	89717577	89717776	200	732	1524	1245.57
PTEN_ex_11	chr10	89720642	89720880	239	224	1871	1277.73
PTEN_ex_12	chr10	89725022	89725169	148	787	1206	1067.05
FGFR2_ex	chr10	123243190	123243329	140	1370	1955	1757.56
FGFR2_ex_2	chr10	123244880	123245060	181	1359	2411	2052.76
FGFR2_ex_3	chr10	123246830	123246966	137	943	1529	1335.54
FGFR2_ex_4	chr10	123247475	123247652	178	1079	1912	1625.63
FGFR2_ex_5	chr10	123256010	123256272	263	1101	2363	1949.16
FGFR2_ex_6	chr10	123257975	123258163	189	849	1541	1314.38
FGFR2_ex_7	chr10	123260315	123260496	182	967	1590	1375.08
HRAS_ex	chr11	533740	533979	240	1517	2454	2070.88
HRAS_ex_2	chr11	534190	534303	114	957	1529	1350.42
MS4A3_ex	chr11	59828607	59828816	210	1263	2465	2012.45
MRGPRD_ex	chr11	68747893	68748040	148	1422	2042	1768.3
TPCN2_ex	chr11	68822653	68822798	146	852	1218	1068.1
MYEOV_ex	chr11	69063388	69063542	155	2001	3152	2756.41
CCND1_ex	chr11	69458601	69458742	142	1486	2113	1869.93
FGF3_ex	chr11	69631066	69631206	141	1524	2206	1956.4
NCAM1_ex	chr11	113102866	113103090	225	1354	2677	2184.79
NTM_ex	chr11	132081890	132082058	169	1064	2066	1690.5
ABCC9_ex	chr12	22068669	22068839	171	1216	1936	1686.34
KRAS_ex	chr12	25378518	25378628	111	1459	1965	1799.09
KRAS_ex_2	chr12	25378668	25378736	69	1005	1565	1297.16
KRAS_ex_3	chr12	25380138	25380301	164	1107	1823	1614.17
KRAS_ex_4	chr12	25380308	25380385	78	871	1526	1233.82
KRAS_ex_5	chr12	25398223	25398302	80	504	611	582.538
IFLTD1_ex	chr12	25702298	25702436	139	1328	1861	1655.74
MDM2_ex	chr12	69233264	69233407	144	1029	1496	1323.94
NAV3_ex	chr12	78400185	78400668	484	1399	2875	2328.61
NAV3_ex_2	chr12	78400730	78401224	495	1279	2956	2448.74
TUBA3C_ex	chr13	19748070	19748146	77	383	471	439.987
TPTE2_ex	chr13	20039425	20039497	73	770	917	858.548
MPHOSPH8_ex	chr13	20240560	20240714	155	1080	1568	1394.54
PSPC1_ex	chr13	20346455	20346607	153	984	1386	1257.05
ZMYM5_ex	chr13	20412927	20413034	108	1319	1676	1546.37
RB1_ex	chr13	48878015	48878209	195	180	567	405.918
RB1_ex_2	chr13	48881385	48881558	174	1336	1993	1755.7
RB1_ex_3	chr13	48916700	48917022	323	1388	2312	1960.39
RB1_ex_4	chr13	48919190	48919357	168	1095	1805	1531.18
RB1_ex_5	chr13	48921900	48922036	137	764	1133	1000.81
RB1_ex_6	chr13	48923050	48923182	133	831	1316	1123.93
RB1_ex_7	chr13	48934130	48934295	166	1101	1785	1528.49
RB1_ex_8	chr13	48936925	48937127	203	1265	2078	1751.98
RB1_ex_9	chr13	48938995	48939127	133	1023	1316	1202.57
RB1_ex_10	chr13	48941595	48941782	188	1241	1881	1671.64
RB1_ex_11	chr13	48942630	48942761	132	1426	1909	1688.33
RB1_ex_12	chr13	48947500	48947645	146	791	1137	1024.58
RB1_ex_13	chr13	48951030	48951209	180	1392	2199	1919.06
RB1_ex_14	chr13	48953715	48953810	96	607	1005	843.25
RB1_ex_15	chr13	48954170	48954235	66	113	294	181.727
RB1_ex_16	chr13	48954295	48954404	110	431	972	807.555
RB1_ex_17	chr13	48955375	48955626	252	748	2214	1634.46
LPAR6_ex	chr13	48985970	48986111	142	1461	2074	1849.11
RB1_ex_18	chr13	49027105	49027282	178	967	1507	1312.39
RB1_ex_19	chr13	49030315	49030517	203	1046	1892	1593.58
RB1_ex_20	chr13	49033800	49034007	208	401	2118	1482.86
RB1_ex_21	chr13	49037835	49037984	150	777	1171	1043.29
RB1_ex_22	chr13	49039110	49039277	168	90	1573	893.089
RB1_ex_23	chr13	49039315	49039518	204	1637	2383	2066.41
RB1_ex_24	chr13	49047430	49047576	147	1140	1639	1455.59
RB1_ex_25	chr13	49050815	49050983	169	1850	2660	2335.31
RB1_ex_26	chr13	49051440	49051572	133	710	1036	920.534
RB1_ex_27	chr13	49054085	49054245	161	881	1374	1187.24
KLHL1_ex	chr13	70681316	70681856	541	1163	2784	2262.02
SLITRK1_ex	chr13	84453597	84455634	2038	1289	3082	2655.8
LRFN5_ex	chr14	42355817	42357220	1404	1379	3612	2944.86
C14orf177_ex	chr14	99183471	99183646	176	1443	2201	1896.84
AKT1_ex	chr14	105246390	105246570	181	1931	3201	2767.8
MKRN3_ex	chr15	23810934	23812061	1128	1424	3852	2927.95
MKRN3_ex_2	chr15	23812104	23812496	393	1727	3390	2873.2
MAP2K1_ex	chr15	66727329	66727602	274	963	1656	1326.51
MAP2K1_ex_2	chr15	66729049	66729123	75	1227	1845	1566.67
MAP2K1_ex_3	chr15	66729139	66729253	115	1219	1911	1646.43
MAP2K1_ex_4	chr15	66735574	66735650	77	1010	1496	1258.19
MAP2K1_ex_5	chr15	66735664	66735738	75	1336	1652	1527.17
MAP2K1_ex_6	chr15	66737009	66737088	80	784	985	915.65
MAP2K1_ex_7	chr15	66774059	66774241	183	1253	1974	1688.15
MAP2K1_ex_8	chr15	66777294	66777550	257	1600	3202	2660.56
MAP2K1_ex_9	chr15	66779539	66779676	138	953	1670	1442.33
MAP2K1_ex_10	chr15	66781504	66781654	151	855	1405	1233.3
MAP2K1_ex_11	chr15	66781994	66782146	153	1163	1604	1446.01
MAP2K1_ex_12	chr15	66782804	66782984	181	1223	1944	1676.82
TP53_ex	chr17	7572889	7573037	149	1253	2022	1712.92
TP53_ex_2	chr17	7573894	7574051	158	746	1198	1042.44
TP53_ex_3	chr17	7576809	7576957	149	2167	2641	2458.74
TP53_ex_4	chr17	7576984	7577173	190	1119	2294	1895.88
TP53_ex_5	chr17	7577469	7577648	180	674	2005	1517.19
TP53_ex_6	chr17	7578154	7578326	173	1229	1839	1622.82
TP53_ex_7	chr17	7578339	7578589	251	1450	2092	1844.59
TP53_ex_8	chr17	7579289	7579605	317	952	2400	1942.55
TP53_ex_9	chr17	7579639	7579772	134	415	1535	855.276
TP53_ex_10	chr17	7579804	7579954	151	1204	1974	1656.95
POLDIP2_ex	chr17	26684291	26684509	219	0	0	0
ERBB2_ex	chr17	37879768	37879938	171	1665	2943	2457.33
ERBB2_ex_2	chr17	37880143	37880277	135	2115	2796	2501.56
ERBB2_ex_3	chr17	37880943	37881204	262	1649	2606	2266.65
ERBB2_ex_4	chr17	37881268	37881488	221	2142	2707	2416.99
ERBB2_ex_5	chr17	37881538	37881678	141	1039	2116	1816.6
ERBB2_ex_6	chr17	37881938	37882156	219	1547	2844	2393.15
ERBB2_ex_7	chr17	37882788	37882929	142	1749	2464	2161.23
CA10_ex	chr17	50008315	50008526	212	1959	3525	2921.78
ZNF521_ex	chr18	22804281	22807572	3292	1735	3738	3180.48
RIT2_ex	chr18	40503560	40503699	140	801	1791	1419.05
SYT4_ex	chr18	40850388	40850535	148	1195	1816	1594.71
SETBP1_ex	chr18	42529861	42533288	3428	1316	3515	2907.3
SLC14A2_ex	chr18	43204627	43204777	151	960	1499	1263.28
SLC14A2_ex_2	chr18	43249282	43249460	179	1037	1534	1339.86
SMAD4_ex	chr18	48604649	48604802	154	1467	1900	1750.23
DCC_ex	chr18	50683732	50683864	133	1229	1810	1600.44
WDR7_ex	chr18	54398650	54398796	147	1113	1563	1414.66
BCL2_ex	chr18	60985524	60985667	144	573	1209	972.083
SERPINB3_ex	chr18	61328289	61328432	144	1568	2383	2081.66
CDH7_ex	chr18	63477009	63477155	147	846	1142	1015.36
CD226_ex	chr18	67563037	67563171	135	1873	2723	2390.96
NETO1_ex	chr18	70526104	70526248	145	1002	1675	1459.5
ZNF236_ex	chr18	74620319	74620472	154	354	531	466.506
STK11_ex	chr19	1206890	1207229	340	1527	4340	3278.6
STK11_ex_2	chr19	1218385	1218525	141	1692	2457	2183.64
STK11_ex_3	chr19	1219295	1219431	137	1519	2627	2231.28
STK11_ex_4	chr19	1220350	1220519	170	1819	2844	2480.39
STK11_ex_5	chr19	1220550	1220724	175	1590	2139	1953.96
STK11_ex_6	chr19	1221180	1221361	182	2135	3228	2769.68
STK11_ex_7	chr19	1221905	1222046	142	575	973	814.465
STK11_ex_8	chr19	1222960	1223204	245	1855	3351	2789.68
STK11_ex_9	chr19	1226420	1226679	260	371	1466	1070.69
MAP2K2_ex	chr19	4099176	4099272	97	781	1048	928.495
MAP2K2_ex_2	chr19	4099376	4099456	81	563	750	669.741
MAP2K2_ex_3	chr19	4110481	4110621	141	1229	1792	1572.86
MAP2K2_ex_4	chr19	4117451	4117524	74	1203	1516	1410.53
MAP2K2_ex_5	chr19	4117591	4117663	73	873	1274	1075.38
KEAP1_ex	chr19	10597293	10597511	219	1038	1757	1509.51
KEAP1_ex_2	chr19	10599833	10600090	258	862	1975	1567.13
KEAP1_ex_3	chr19	10600303	10600514	212	1370	2541	2124.18
KEAP1_ex_4	chr19	10602263	10602970	708	1529	2732	2314
KEAP1_ex_5	chr19	10610073	10610710	638	897	2979	2240.55
IGFL3_ex	chr19	46627115	46627261	147	1329	1927	1669.31
PDYN_ex	chr20	1960990	1961521	532	1629	3401	2813.53
PAK7_ex	chr20	9546528	9546985	458	2290	4263	3646.55
U2AF1_ex	chr21	44524394	44524462	69	864	1247	1078.83
U2AF1_ex_2	chr21	44524464	44524541	78	977	1269	1157.94
DMD_ex	chrX	32429836	32430057	222	1138	1996	1640.93
FGD1_ex	chrX	54497725	54497925	201	1453	2485	2066.23
TRPC5_ex	chrX	111195250	111195640	391	693	1997	1595.8
AMOT_ex	chrX	112024145	112024364	220	897	1575	1315.63
DCAF12L2_ex	chrX	125298579	125298835	257	1228	1962	1763.39
DCAF12L2_ex_2	chrX	125298859	125299288	430	1297	2439	2040.49
DCAF12L2_ex_3	chrX	125299329	125299403	75	1386	1529	1446.84
DCAF12L2_ex_4	chrX	125299449	125299801	353	555	1754	1300.17
DCAF12L1_ex	chrX	125685269	125685520	252	1164	2119	1839.39
DCAF12L1_ex_2	chrX	125685544	125685751	208	1901	2279	2127.31
DCAF12L1_ex_3	chrX	125685759	125685831	73	1706	2038	1863.15
DCAF12L1_ex_4	chrX	125685854	125685972	119	1303	1693	1514.39
DCAF12L1_ex_5	chrX	125686009	125686084	76	1367	1647	1499.08
DCAF12L1_ex_6	chrX	125686129	125686562	434	305	2122	1417.81
RPS4Y1_ex	chrY	2712193	2712272	80	160	193	177.8
RPS4Y1_ex_2	chrY	2722643	2722721	79	114	142	130.278
RPS4Y1_ex_3	chrY	2733178	2733258	81	60	84	73.5679
ZFY_ex	chrY	2843138	2843272	135	122	165	149.689
ZFY_ex_2	chrY	2844743	2844868	126	58	84	72.6984
