#STAMP depth report v1.2
#date=Sat Feb  6 11:23:37 PST 2016
#bam=SampleA.samtools-deduped.bam
#bed=NSCLC_CLIN_OCT2014_intervals_exonic.bed
#len=130943
#min=53
#max=2021
#avg=1190.58
#med=1203
Description	Chr	Start	End	Length	Min_Depth	Max_Depth	Average_Depth	Median_Depth
GRIK3_ex	chr1	37271737	37271884	148	596	1039	877.905	897
GRIK3_ex_2	chr1	37346222	37346474	253	595	1271	1056.28	1099
MACF1_ex	chr1	39927559	39927709	151	738	1254	1046.56	1049
PABPC4_ex	chr1	40035524	40035667	144	773	1112	981.667	997
NT5C1A_ex	chr1	40124904	40125044	141	752	1117	975.355	990
MYCL_ex	chr1	40363259	40363431	173	659	1027	892.624	923
RLF_ex	chr1	40627119	40627271	153	790	1272	1095.38	1140
LRRIQ3_ex	chr1	74575056	74575253	198	716	1348	1129.06	1196
TGFBR3_ex	chr1	92185462	92185681	220	561	1132	899.114	917.5
LPPR4_ex	chr1	99771257	99772585	1329	698	1457	1309.16	1336
NRAS_ex	chr1	115256398	115256631	234	855	1523	1264.89	1300
NRAS_ex_2	chr1	115258638	115258818	181	1069	1670	1472.86	1528
TARS2_ex	chr1	150477075	150477229	155	876	1272	1129.26	1164
MCL1_ex	chr1	150550760	150550919	160	1270	1907	1691.66	1727
CTSS_ex	chr1	150727470	150727631	162	709	1118	985.698	1023.5
SEMA6C_ex	chr1	151108075	151108232	158	652	1046	897.766	903.5
RFX5_ex	chr1	151316185	151316324	140	1034	1453	1282.06	1319
LELP1_ex	chr1	153177253	153177394	142	667	1097	959.965	986.5
S100A7_ex	chr1	153430293	153430426	134	657	932	829.157	842
DENND4B_ex	chr1	153907318	153907429	112	682	957	850.679	851
HAX1_ex	chr1	154246270	154246346	77	1017	1252	1161.48	1179
IL6R_ex	chr1	154401715	154401878	164	671	1257	1062.6	1098.5
PKLR_ex	chr1	155264325	155264472	148	557	843	734.932	761.5
SPTA1_ex	chr1	158627234	158627465	232	729	1084	953.974	984.5
SPTA1_ex_2	chr1	158632484	158632728	245	769	1265	1089.42	1150
DDR2_ex	chr1	162743224	162743417	194	824	1228	1085.4	1125.5
DDR2_ex_2	chr1	162745419	162745656	238	742	1287	1112.13	1157
DDR2_ex_3	chr1	162745904	162746192	289	927	1598	1378.33	1436
DDR2_ex_4	chr1	162748334	162748548	215	988	1608	1421.13	1493
DDR2_ex_5	chr1	162749879	162750051	173	870	1379	1206.5	1244
TNN_ex	chr1	175086076	175086211	136	972	1301	1201.31	1227.5
TNN_ex_2	chr1	175086221	175086297	77	775	1141	978.325	988
TNR_ex	chr1	175372301	175372766	466	498	1366	1131.11	1245.5
ASTN1_ex	chr1	176915056	176915285	230	649	1123	957.217	996.5
ASTN1_ex_2	chr1	177001586	177002014	429	768	1205	1073.41	1101
BRINP3_ex	chr1	190067124	190068224	1101	993	2011	1734.89	1773
BRINP3_ex_2	chr1	190203479	190203619	141	822	1376	1196.89	1227
KCNT2_ex	chr1	196227340	196227582	243	1015	1734	1532.55	1638
NLRP3_ex	chr1	247587162	247588364	1203	905	1632	1494.29	1514
NLRP3_ex_2	chr1	247588367	247588817	451	1405	1606	1525.24	1531
NLRP3_ex_3	chr1	247588817	247588895	79	1062	1420	1294.41	1333
TRIM58_ex	chr1	248039192	248039764	573	641	1486	1203.88	1280
DDX1_ex	chr2	15760345	15760498	154	745	1180	1002.97	1008.5
MYCN_ex	chr2	16082505	16082642	138	74	166	134.261	142.5
ALK_ex	chr2	29416068	29416797	730	881	1781	1518.13	1534.5
ALK_ex_2	chr2	29419608	29419751	144	704	1099	954.868	975.5
ALK_ex_3	chr2	29420373	29420567	195	947	1492	1301.66	1343
ALK_ex_4	chr2	29430003	29430159	157	729	1105	981.172	1008
ALK_ex_5	chr2	29432613	29432759	147	831	1204	1064.76	1106
ALK_ex_6	chr2	29436818	29436971	154	693	1028	892.169	915.5
ALK_ex_7	chr2	29443538	29443734	197	642	1073	933.396	942
ALK_ex_8	chr2	29445168	29445304	137	892	1192	1078.79	1089
ALK_ex_9	chr2	29445348	29445487	140	704	1041	945.6	993
ALK_ex_10	chr2	29446178	29446811	634	825	1433	1220.09	1223.5
ALK_ex_11	chr2	29446818	29448463	1646	861	1442	1256.42	1264
SLC8A1_ex	chr2	40655614	40657081	1468	783	1566	1339.94	1352
SLC8A1_ex_2	chr2	40657084	40657440	357	934	1401	1294.55	1306
LRRTM4_ex	chr2	77745452	77746964	1513	923	1840	1549.45	1585
REG3A_ex	chr2	79384672	79384750	79	550	717	658.797	668
REG3A_ex_2	chr2	79384762	79384840	79	405	649	546.823	546
REG3A_ex_3	chr2	79385437	79385543	107	842	1144	1040.86	1057
CTNNA2_ex	chr2	80085113	80085323	211	697	1428	1161.27	1192
CTNNA2_ex_2	chr2	80101198	80101492	295	633	1250	1085.81	1137
CTNNA2_ex_3	chr2	80136708	80136972	265	555	1052	874.562	892
LRRTM1_ex	chr2	80529410	80530860	1451	427	1447	1208.13	1242
ST6GAL2_ex	chr2	107423111	107423415	305	578	1365	1110.2	1191
CNTNAP5_ex	chr2	125261856	125262161	306	704	1334	1100.92	1120.5
LRP1B_ex	chr2	141242897	141243115	219	865	1572	1298.32	1334
LRP1B_ex_2	chr2	141665412	141665650	239	643	1163	988.314	1033
KCNJ3_ex	chr2	155711255	155711854	600	813	1640	1420.82	1476.5
NFE2L2_ex	chr2	178095482	178096587	1106	960	1855	1677.05	1699
NFE2L2_ex_2	chr2	178096587	178096759	173	1074	1734	1575.95	1658
NFE2L2_ex_3	chr2	178097127	178097309	183	975	1646	1420.52	1479
NFE2L2_ex_4	chr2	178097952	178098091	140	748	1080	951.086	974
NFE2L2_ex_5	chr2	178098702	178099022	321	753	1782	1446.67	1504
SF3B1_ex	chr2	198267256	198267583	328	576	1455	1089.38	1119
ERBB4_ex	chr2	212286709	212286845	137	829	1233	1098.37	1120
ERBB4_ex_2	chr2	212288844	212289051	208	856	1434	1218.59	1266
ERBB4_ex_3	chr2	212293094	212293234	141	857	1253	1108.96	1130
ERBB4_ex_4	chr2	212295644	212295847	204	709	1351	1147.87	1194
ERBB4_ex_5	chr2	212426604	212426850	247	895	1530	1329.89	1397
ERBB4_ex_6	chr2	212483874	212484009	136	822	1243	1108.45	1137.5
ERBB4_ex_7	chr2	212488614	212488802	189	928	1611	1388.48	1446
CUL3_ex	chr2	225338940	225339104	165	744	1210	1071.8	1112
CUL3_ex_2	chr2	225342895	225343098	204	871	1452	1235.23	1279.5
CUL3_ex_3	chr2	225346585	225346828	244	872	1483	1280.84	1325.5
CUL3_ex_4	chr2	225360525	225360695	171	743	1507	1252.66	1326
CUL3_ex_5	chr2	225362445	225362591	147	851	1373	1199.61	1218
CUL3_ex_6	chr2	225365045	225365224	180	809	1339	1147.63	1178.5
CUL3_ex_7	chr2	225367655	225367800	146	849	1275	1109.36	1114
CUL3_ex_8	chr2	225368335	225368547	213	712	1274	1077.44	1114
CUL3_ex_9	chr2	225370650	225370855	206	739	1335	1113.69	1141
CUL3_ex_10	chr2	225371545	225371754	210	865	1376	1180.65	1235.5
CUL3_ex_11	chr2	225376050	225376300	251	682	1185	1020.64	1062
CUL3_ex_12	chr2	225378220	225378390	171	312	1124	951.854	998
CUL3_ex_13	chr2	225379295	225379508	214	783	1411	1191.83	1233.5
CUL3_ex_14	chr2	225400220	225400397	178	801	1257	1097.73	1126.5
CUL3_ex_15	chr2	225422350	225422599	250	277	1261	957.32	1056
CUL3_ex_16	chr2	225449620	225449754	135	695	1026	894.067	906
ASB18_ex	chr2	237172815	237172971	157	652	1037	869.962	886
RAF1_ex	chr3	12625987	12626199	213	847	1306	1156.69	1202
RAF1_ex_2	chr3	12632272	12632487	216	626	1205	1006.79	1037
RAF1_ex_3	chr3	12633172	12633310	139	784	1205	1057.03	1077
MYD88_ex	chr3	38182589	38182802	214	669	1616	1287.08	1379
CTNNB1_ex	chr3	41266046	41266203	158	733	1098	955.405	984
FOXP1_ex	chr3	71015043	71015201	159	939	1398	1245.11	1284
PDZRN3_ex	chr3	73432596	73433959	1364	645	1380	1166.29	1194.5
ROBO1_ex	chr3	78766421	78766566	146	749	1167	1019.52	1059
ZIC4_ex	chr3	147108706	147109059	354	477	1035	859.209	892
ZIC4_ex_2	chr3	147113616	147114276	661	821	1380	1133.99	1172
ZIC1_ex	chr3	147127941	147128721	781	668	1208	1011.5	1035
ZIC1_ex_2	chr3	147128786	147128884	99	808	1129	1014.14	1063
IQCJ_ex	chr3	158982995	158983175	181	820	1255	1086.24	1105
MECOM_ex	chr3	168840358	168840506	149	707	1201	1044.89	1078
MYNN_ex	chr3	169501222	169501373	152	894	1351	1182.28	1201.5
SAMD7_ex	chr3	169646232	169646375	144	853	1339	1142.06	1160
PHC3_ex	chr3	169896647	169896721	75	926	1153	1061.87	1075
CLDN11_ex	chr3	170140951	170141100	150	694	1116	974.46	1012.5
SLC2A2_ex	chr3	170716001	170716143	143	689	947	839.797	847
PIK3CA_ex	chr3	178916514	178916999	486	947	1514	1348.59	1396
PIK3CA_ex_2	chr3	178921304	178921594	291	851	1410	1220.18	1252
PIK3CA_ex_3	chr3	178927964	178928132	169	710	1276	1095.9	1141
PIK3CA_ex_4	chr3	178935989	178936159	171	612	1154	955.825	979
PIK3CA_ex_5	chr3	178951854	178952172	319	716	1327	1135.32	1207
SOX2_ex	chr3	181430124	181430303	180	318	918	685.711	731.5
SOX2_ex_2	chr3	181430354	181430630	277	824	1322	1136.04	1154
SOX2_ex_3	chr3	181430674	181430922	249	773	1172	1014.51	1057
SOX2_ex_4	chr3	181430929	181431073	145	565	1012	849.034	878
ATP11B_ex	chr3	182584062	182584219	158	558	928	780.367	800.5
MCCC1_ex	chr3	182733212	182733363	152	755	1149	1001.37	1025.5
MCF2L2_ex	chr3	183014776	183014924	149	912	1357	1196.6	1216
KLHL6_ex	chr3	183273223	183273359	137	907	1321	1173.04	1210
HTR3E_ex	chr3	183818283	183818415	133	781	1103	982.481	992
TP63_ex	chr3	189455494	189455678	185	650	1078	925.481	967
TP63_ex_2	chr3	189526039	189526349	311	674	1435	1177.69	1236
TP63_ex_3	chr3	189586344	189586525	182	676	1270	1075.06	1113
GABRA2_ex	chr4	46252300	46252618	319	898	1570	1353.56	1409
FRYL_ex	chr4	48622620	48622811	192	895	1486	1281.41	1323.5
PDGFRA_ex	chr4	55139671	55139926	256	700	1195	1029.61	1086.5
PDGFRA_ex_2	chr4	55140661	55140810	150	758	1189	1034.04	1065
PDGFRA_ex_3	chr4	55140976	55141165	190	819	1140	1032.81	1067
PDGFRA_ex_4	chr4	55143521	55143671	151	956	1310	1188.99	1219
PDGFRA_ex_5	chr4	55144041	55144214	174	629	1022	871.011	895
PDGFRA_ex_6	chr4	55144496	55144724	229	721	1206	1057	1100
PDGFRA_ex_7	chr4	55146461	55146680	220	444	1071	845.318	875
PDGFRA_ex_8	chr4	55151506	55151679	174	702	1240	1072.01	1106.5
PDGFRA_ex_9	chr4	55151986	55152174	189	657	1052	896.127	927
PDGFRA_ex_10	chr4	55153571	55153751	181	729	1129	976.823	1006
PDGFRA_ex_11	chr4	55154941	55155077	137	816	1097	991.927	1007
PDGFRA_ex_12	chr4	55155151	55155322	172	1136	1451	1325.62	1354.5
KIT_ex	chr4	55592001	55592232	232	773	1393	1181.39	1227.5
KIT_ex_2	chr4	55593361	55593499	139	834	1143	1052.86	1087
KIT_ex_3	chr4	55593551	55593724	174	921	1308	1195.87	1222
KIT_ex_4	chr4	55593961	55594111	151	948	1267	1178.98	1201
KIT_ex_5	chr4	55594151	55594327	177	878	1296	1180.47	1228
KIT_ex_6	chr4	55595471	55595693	223	617	1065	898.637	914
KIT_ex_7	chr4	55597456	55597604	149	691	1063	937.517	966
KIT_ex_8	chr4	55598001	55598189	189	574	1536	1158.95	1189
KIT_ex_9	chr4	55599211	55599391	181	595	1018	869.956	902
KIT_ex_10	chr4	55602631	55602806	176	818	1242	1116.81	1153.5
KIT_ex_11	chr4	55602856	55602999	144	772	1069	995.056	1020
KIT_ex_12	chr4	55603311	55603491	181	712	1061	955.558	989
KDR_ex	chr4	55955013	55955154	142	715	1003	896.951	928.5
KDR_ex_2	chr4	55962373	55962551	179	674	1068	938.436	986
KDR_ex_3	chr4	55964278	55964468	191	607	1078	925.675	973
FBXW7_ex	chr4	153247190	153247405	216	800	1280	1124.45	1176
MARCH1_ex	chr4	164534436	164534688	253	897	1722	1441.36	1491
TRIP13_ex	chr5	917097	917247	151	770	1136	1003.25	1024
NKD2_ex	chr5	1034312	1034466	155	796	1282	1122.69	1151
SLC6A19_ex	chr5	1216902	1217054	153	652	1166	982.948	1009
TERT_ex	chr5	1295072	1295271	200	53	135	97.64	99
FBXL7_ex	chr5	15927993	15928621	629	790	1454	1245.8	1305
CDH18_ex	chr5	19473429	19473853	425	1029	1866	1601.4	1674
CDH12_ex	chr5	21751830	21752361	532	873	1803	1548.99	1648
CDH12_ex_2	chr5	22078530	22078784	255	902	1677	1420.75	1465
CDH9_ex	chr5	26881229	26881749	521	1072	1854	1631.51	1689
CDH9_ex_2	chr5	26906034	26906250	217	987	1825	1505.76	1578
CDH9_ex_3	chr5	26915729	26916048	320	900	1671	1398.2	1462.5
ADAMTS12_ex	chr5	33576138	33577189	1052	1038	1693	1496.26	1510
ADAMTS12_ex_2	chr5	33683948	33684170	223	703	1082	957.906	987
SLC45A2_ex	chr5	33947248	33947491	244	918	1427	1259.26	1336.5
UGT3A2_ex	chr5	36037928	36038001	74	836	995	941.581	955
UGT3A2_ex_2	chr5	36038013	36038091	79	658	956	841.506	877
SKP2_ex	chr5	36183948	36184102	155	756	1263	1093.28	1130
SLC1A3_ex	chr5	36679773	36679913	141	913	1393	1216.68	1233
NUP155_ex	chr5	37370928	37371073	146	679	1072	915.616	929
EGFLAM_ex	chr5	38352293	38352437	145	701	1103	953.062	981
C9_ex	chr5	39306733	39306870	138	833	1204	1069.7	1106.5
HCN1_ex	chr5	45262028	45262905	878	994	2021	1692.38	1720
HCN1_ex_2	chr5	45267168	45267374	207	1037	1608	1419.08	1493
HCN1_ex_3	chr5	45353198	45353353	156	747	1173	1013	1030.5
HTR1A_ex	chr5	63256324	63257490	1167	715	1561	1311.71	1348
HAPLN1_ex	chr5	82937302	82937528	227	514	810	719.427	754
FBN2_ex	chr5	127648290	127648512	223	794	1302	1120.61	1158
PDGFRB_ex	chr5	149498288	149498434	147	796	1193	1045.12	1071
PDGFRB_ex_2	chr5	149499008	149499153	146	812	1224	1047.45	1059
PDGFRB_ex_3	chr5	149499553	149499723	171	877	1265	1121.8	1145
PDGFRB_ex_4	chr5	149500428	149500605	178	804	1210	1051.17	1076.5
PDGFRB_ex_5	chr5	149500738	149500927	190	702	1090	939.763	969.5
PDGFRB_ex_6	chr5	149501418	149501626	209	754	1266	1097.34	1150
PDGFRB_ex_7	chr5	149502573	149502798	226	759	1472	1232.84	1274.5
PDGFRB_ex_8	chr5	149503788	149503961	174	844	1249	1107.53	1136
PDGFRB_ex_9	chr5	149504258	149504418	161	425	671	595.006	627
PDGFRB_ex_10	chr5	149504978	149505164	187	518	986	806.947	827
GABRA6_ex	chr5	161128482	161128768	287	701	1490	1233.93	1303
SLIT3_ex	chr5	168134946	168135167	222	674	1097	942.086	972.5
ROS1_ex	chr6	117609633	117609983	351	664	1278	1060.56	1104
ROS1_ex_2	chr6	117622113	117622313	201	719	1367	1143.65	1184
ROS1_ex_3	chr6	117629933	117630106	174	615	1185	988.161	1040
ROS1_ex_4	chr6	117631223	117631463	241	717	1184	1042.27	1084
ROS1_ex_5	chr6	117632148	117632288	141	788	1089	971.355	989
ROS1_ex_6	chr6	117638273	117638470	198	703	1127	977.566	1005
ROS1_ex_7	chr6	117639298	117639453	156	736	1116	974.026	1006.5
ROS1_ex_8	chr6	117641008	117641428	421	777	1562	1337.96	1397
ROS1_ex_9	chr6	117641438	117642993	1556	601	1372	1204.2	1246
ROS1_ex_10	chr6	117645158	117646127	970	1081	1368	1242.73	1257
ROS1_ex_11	chr6	117647288	117648778	1491	850	1572	1323.42	1338
ROS1_ex_12	chr6	117648943	117650620	1678	1034	1610	1324.87	1345
ROS1_ex_13	chr6	117657883	117658535	653	664	1392	1137.75	1189
PARK2_ex	chr6	161969889	161970031	143	491	699	615.937	628
PACRG_ex	chr6	163149267	163149420	154	688	1189	1018.67	1049
C6orf118_ex	chr6	165715051	165715324	274	655	1306	1129.2	1214.5
C6orf118_ex_2	chr6	165715336	165715696	361	1016	1589	1387.98	1402
HDAC9_ex	chr7	18705854	18706045	192	864	1333	1189.91	1242
POM121L12_ex	chr7	53103391	53104267	877	845	1596	1283.78	1323
VSTM2A_ex	chr7	54617611	54617769	159	566	999	875.755	909
EGFR_ex	chr7	55241591	55241759	169	725	1117	981.533	997
EGFR_ex_2	chr7	55242381	55242526	146	772	1178	1040.88	1070
EGFR_ex_3	chr7	55248951	55249200	250	753	1154	1034.81	1052
EGFR_ex_4	chr7	55259376	55259601	226	716	1274	1101.14	1137
EGFR_ex_5	chr7	55260416	55260574	159	629	928	821.421	838
EGFR_ex_6	chr7	55266386	55266601	216	646	1179	1004.38	1044
EGFR_ex_7	chr7	55267986	55268123	138	817	1193	1054.51	1079
LANCL2_ex	chr7	55492961	55493101	141	1043	1570	1397.15	1444
ZNF713_ex	chr7	55990836	55990988	153	796	1200	1043.77	1071
ZAN_ex	chr7	100385525	100385744	220	659	1079	940.6	969
MET_ex	chr7	116411893	116412071	179	913	1519	1297.64	1350
MET_ex_2	chr7	116417408	116417550	143	923	1360	1202.74	1244
MET_ex_3	chr7	116418808	116419051	244	925	1474	1282.67	1336.5
MET_ex_4	chr7	116422018	116422192	175	660	1155	978.709	1005
MET_ex_5	chr7	116423323	116423536	214	1055	1426	1304.92	1354.5
MET_ex_6	chr7	116435673	116435857	185	695	1354	1150.29	1242
MET_ex_7	chr7	116435918	116436202	285	938	1452	1320.68	1353
KCND2_ex	chr7	119914661	119915728	1068	778	1642	1416.68	1459.5
GRM8_ex	chr7	126172979	126173946	968	671	1675	1483.35	1547.5
CHRM2_ex	chr7	136699601	136701045	1445	856	1775	1583.21	1616
BRAF_ex	chr7	140434372	140434446	75	738	1026	905.867	926
BRAF_ex_2	chr7	140434482	140434561	80	399	918	652.025	645.5
BRAF_ex_3	chr7	140439682	140439757	76	538	683	634.158	645
BRAF_ex_4	chr7	140449052	140449119	68	647	861	782.368	796
BRAF_ex_5	chr7	140449177	140449255	79	525	810	688.924	696
BRAF_ex_6	chr7	140453047	140453225	179	661	995	877.229	896
BRAF_ex_7	chr7	140453937	140454069	133	787	1261	1101.81	1146
BRAF_ex_8	chr7	140476747	140476828	82	621	983	812.024	811.5
BRAF_ex_9	chr7	140476842	140476919	78	773	1056	962.91	1003
BRAF_ex_10	chr7	140477762	140477913	152	712	1212	1067.26	1089
BRAF_ex_11	chr7	140481379	140481507	129	278	472	396.86	400
CNTNAP2_ex	chr7	146829378	146829605	228	926	1434	1261.68	1303
CSMD1_ex	chr8	2855544	2855681	138	804	1173	1019.54	1035
SGCZ_ex	chr8	13959864	13960019	156	711	1102	956.218	994.5
LPL_ex	chr8	19809280	19809487	208	963	1377	1245.77	1288
WHSC1L1_ex	chr8	38173423	38173569	147	832	1229	1048.5	1079
FGFR1_ex	chr8	38271413	38271567	155	787	1199	1075.11	1113
FGFR1_ex_2	chr8	38271643	38271843	201	870	1301	1160.02	1182
FGFR1_ex_3	chr8	38272033	38272174	142	721	1009	912.211	925.5
FGFR1_ex_4	chr8	38272268	38272446	179	966	1415	1288.02	1328
FGFR1_ex_5	chr8	38273358	38273606	249	687	1559	1243.07	1294
FGFR1_ex_6	chr8	38274798	38274969	172	642	1067	923.657	952
FGFR1_ex_7	chr8	38275353	38275526	174	668	1287	1069.23	1107
DCAF4L2_ex	chr8	88885057	88885301	245	1106	1701	1499.31	1536
DCAF4L2_ex_2	chr8	88885302	88885455	154	981	1359	1190.87	1204.5
DCAF4L2_ex_3	chr8	88885462	88885546	85	956	1130	1018.64	1008
DCAF4L2_ex_4	chr8	88885557	88886235	679	854	1682	1463.37	1541
CSMD3_ex	chr8	113256609	113256816	208	938	1626	1371.35	1413
CSMD3_ex_2	chr8	113301569	113301781	213	852	1568	1322.6	1343
CSMD3_ex_3	chr8	113304734	113304955	222	891	1693	1393.58	1434
CSMD3_ex_4	chr8	113568979	113569192	214	793	1509	1275.21	1308.5
CSMD3_ex_5	chr8	113694634	113694887	254	932	1523	1327.69	1378
CSMD3_ex_6	chr8	113697629	113697972	344	1056	1669	1514.58	1560
MYC_ex	chr8	128750807	128750953	147	759	1362	1133.53	1191
TG_ex	chr8	133905914	133906161	248	944	1685	1429.34	1515
FAM135B_ex	chr8	139151207	139151354	148	631	1165	982.608	1035.5
FAM135B_ex_2	chr8	139163432	139165467	2036	96	1520	1276.62	1326
COL22A1_ex	chr8	139606232	139606449	218	542	916	804.115	840
PTPRD_ex	chr9	8528610	8528754	145	810	1226	1074.99	1096
CDKN2A_ex	chr9	21968154	21968293	140	677	1405	1169.04	1213
CDKN2A_ex_2	chr9	21968669	21968817	149	741	1119	986.02	1010
CDKN2A_ex_3	chr9	21970869	21971023	155	549	780	711.29	729
CDKN2A_ex_4	chr9	21971074	21971146	73	381	647	562.301	585
CDKN2A_ex_5	chr9	21974444	21974836	393	444	1506	1117.87	1176
ASTN2_ex	chr9	119976629	119976988	360	654	1239	1051.87	1119
ABL1_ex	chr9	133738125	133738431	307	839	1427	1235.42	1262
ABL1_ex_2	chr9	133747485	133747622	138	718	1090	953.739	976.5
ABL1_ex_3	chr9	133748215	133748439	225	647	1290	1067.94	1108
ABL1_ex_4	chr9	133750230	133750477	248	884	1255	1147.5	1189.5
ABL1_ex_5	chr9	133753770	133753998	229	698	1140	993.397	1026
ABL1_ex_6	chr9	133755415	133755561	147	742	1170	1004.07	1018
NOTCH1_ex	chr9	139390492	139392023	1532	608	1442	1256.36	1268
NOTCH1_ex_2	chr9	139396697	139396976	280	300	1101	789	826
NOTCH1_ex_3	chr9	139397602	139397822	221	733	1325	1142.41	1198
NOTCH1_ex_4	chr9	139399092	139399590	499	451	1093	907.419	944
RET_ex	chr10	43606627	43609247	2621	635	1490	1276.38	1289
RET_ex_2	chr10	43609672	43612193	2522	714	1512	1268.33	1257
RET_ex_3	chr10	43613787	43613935	149	464	729	640.51	647
RET_ex_4	chr10	43614952	43615241	290	588	1172	936.741	963.5
RET_ex_5	chr10	43615497	43615675	179	815	1329	1159.63	1204
RET_ex_6	chr10	43617347	43617495	149	789	1289	1119.71	1172
RET_ex_7	chr10	43619092	43619274	183	956	1455	1287.52	1330
RET_ex_8	chr10	43620297	43620443	147	937	1363	1216.46	1246
GRID1_ex	chr10	87628744	87628948	205	770	1336	1119.88	1158
PTEN_ex	chr10	89624272	89624350	79	974	1197	1108.66	1113
PTEN_ex_2	chr10	89653752	89653825	74	497	729	633.108	645.5
PTEN_ex_3	chr10	89653832	89653909	78	516	733	653.679	669
PTEN_ex_4	chr10	89685272	89685376	105	604	801	723.105	732
PTEN_ex_5	chr10	89690752	89690894	143	747	1206	1050.07	1083
PTEN_ex_6	chr10	89692737	89692810	74	551	762	688.946	706
PTEN_ex_7	chr10	89692877	89692951	75	879	966	932.107	934
PTEN_ex_8	chr10	89692972	89693037	66	680	991	857.015	864
PTEN_ex_9	chr10	89711887	89711966	80	592	730	684.75	706
PTEN_ex_10	chr10	89717577	89717776	200	497	1165	911.605	941
PTEN_ex_11	chr10	89720642	89720880	239	310	1176	897.351	968
PTEN_ex_12	chr10	89725022	89725169	148	461	795	686.149	718
FGFR2_ex	chr10	123243190	123243329	140	679	1099	949.557	977
FGFR2_ex_2	chr10	123244880	123245060	181	657	1101	947.287	971
FGFR2_ex_3	chr10	123246830	123246966	137	469	799	692.526	713
FGFR2_ex_4	chr10	123247475	123247652	178	577	926	798.506	830.5
FGFR2_ex_5	chr10	123256010	123256272	263	553	1021	886.951	938
FGFR2_ex_6	chr10	123257975	123258163	189	456	870	737.63	772
FGFR2_ex_7	chr10	123260315	123260496	182	593	1011	859.132	898.5
HRAS_ex	chr11	533740	533979	240	1002	1616	1418.19	1475
HRAS_ex_2	chr11	534190	534303	114	858	1236	1096.71	1113
MS4A3_ex	chr11	59828607	59828816	210	609	1157	957.595	971
MRGPRD_ex	chr11	68747893	68748040	148	721	1034	910.649	925
TPCN2_ex	chr11	68822653	68822798	146	606	969	825.438	843
MYEOV_ex	chr11	69063388	69063542	155	940	1396	1262.31	1311
CCND1_ex	chr11	69458601	69458742	142	836	1212	1066.98	1087.5
FGF3_ex	chr11	69631066	69631206	141	730	1088	953.929	965
NCAM1_ex	chr11	113102866	113103090	225	572	1102	908.876	929
NTM_ex	chr11	132081890	132082058	169	561	1079	875.746	904
ABCC9_ex	chr12	22068669	22068839	171	747	1163	996.515	1016
KRAS_ex	chr12	25378518	25378628	111	805	1160	1065.35	1114
KRAS_ex_2	chr12	25378668	25378736	69	753	1080	938.261	934
KRAS_ex_3	chr12	25380138	25380301	164	694	1246	1073.26	1126.5
KRAS_ex_4	chr12	25380308	25380385	78	634	1081	881.474	876.5
KRAS_ex_5	chr12	25398223	25398302	80	489	581	550.925	559.5
IFLTD1_ex	chr12	25702298	25702436	139	654	1108	947.54	975
MDM2_ex	chr12	69233264	69233407	144	747	1104	982.236	1017.5
NAV3_ex	chr12	78400185	78400668	484	910	1561	1374.83	1390
NAV3_ex_2	chr12	78400730	78401224	495	885	1615	1438.06	1475
TUBA3C_ex	chr13	19748070	19748146	77	332	431	392.312	393
TPTE2_ex	chr13	20039425	20039497	73	594	708	664.466	665
MPHOSPH8_ex	chr13	20240560	20240714	155	716	1117	966.723	977
PSPC1_ex	chr13	20346455	20346607	153	640	959	848.595	886
ZMYM5_ex	chr13	20412927	20413034	108	758	992	899.352	904.5
RB1_ex	chr13	48878015	48878209	195	238	705	506.169	542
RB1_ex_2	chr13	48881385	48881558	174	893	1381	1235.75	1292
RB1_ex_3	chr13	48916700	48917022	323	764	1288	1140.49	1186
RB1_ex_4	chr13	48919190	48919357	168	654	1135	967.048	988
RB1_ex_5	chr13	48921900	48922036	137	593	946	832.219	854
RB1_ex_6	chr13	48923050	48923182	133	662	957	838.008	861
RB1_ex_7	chr13	48934130	48934295	166	702	1161	1008.82	1056
RB1_ex_8	chr13	48936925	48937127	203	708	1262	1053.34	1086
RB1_ex_9	chr13	48938995	48939127	133	757	1074	962.865	978
RB1_ex_10	chr13	48941595	48941782	188	741	1185	1024.69	1061.5
RB1_ex_11	chr13	48942630	48942761	132	824	1181	1058.06	1088.5
RB1_ex_12	chr13	48947500	48947645	146	543	902	781.836	814.5
RB1_ex_13	chr13	48951030	48951209	180	773	1306	1100.95	1115
RB1_ex_14	chr13	48953715	48953810	96	717	981	883.802	898.5
RB1_ex_15	chr13	48954170	48954235	66	263	569	394.758	383.5
RB1_ex_16	chr13	48954295	48954404	110	631	968	861.236	871.5
RB1_ex_17	chr13	48955375	48955626	252	656	1292	1091.37	1152.5
LPAR6_ex	chr13	48985970	48986111	142	1026	1500	1332.54	1355.5
RB1_ex_18	chr13	49027105	49027282	178	622	1123	945.899	973
RB1_ex_19	chr13	49030315	49030517	203	682	1238	1053.41	1133
RB1_ex_20	chr13	49033800	49034007	208	764	1225	1059.94	1100
RB1_ex_21	chr13	49037835	49037984	150	569	890	774.64	807.5
RB1_ex_22	chr13	49039110	49039277	168	345	1103	802.482	866
RB1_ex_23	chr13	49039315	49039518	204	922	1413	1252.34	1268.5
RB1_ex_24	chr13	49047430	49047576	147	695	1076	912.857	927
RB1_ex_25	chr13	49050815	49050983	169	1091	1524	1367.03	1410
RB1_ex_26	chr13	49051440	49051572	133	579	921	804.165	825
RB1_ex_27	chr13	49054085	49054245	161	703	1192	1008.98	1040
KLHL1_ex	chr13	70681316	70681856	541	1018	1746	1535.66	1574
SLITRK1_ex	chr13	84453597	84455634	2038	882	1623	1443.01	1461
LRFN5_ex	chr14	42355817	42357220	1404	750	1717	1434.12	1447
C14orf177_ex	chr14	99183471	99183646	176	758	1192	1016.2	1044
AKT1_ex	chr14	105246390	105246570	181	998	1417	1289.91	1335
MKRN3_ex	chr15	23810934	23812061	1128	661	1375	1148.74	1180.5
MKRN3_ex_2	chr15	23812104	23812496	393	756	1296	1127	1153
MAP2K1_ex	chr15	66727329	66727602	274	583	949	784.208	770.5
MAP2K1_ex_2	chr15	66729049	66729123	75	650	946	816.387	818
MAP2K1_ex_3	chr15	66729139	66729253	115	624	1013	880.983	911
MAP2K1_ex_4	chr15	66735574	66735650	77	491	786	661.805	670
MAP2K1_ex_5	chr15	66735664	66735738	75	634	855	783.48	816
MAP2K1_ex_6	chr15	66737009	66737088	80	434	572	526.025	534.5
MAP2K1_ex_7	chr15	66774059	66774241	183	696	1238	1051.18	1083
MAP2K1_ex_8	chr15	66777294	66777550	257	759	1467	1263.18	1341
MAP2K1_ex_9	chr15	66779539	66779676	138	634	1085	937.391	968
MAP2K1_ex_10	chr15	66781504	66781654	151	614	915	824.808	855
MAP2K1_ex_11	chr15	66781994	66782146	153	697	1158	988.987	1022
MAP2K1_ex_12	chr15	66782804	66782984	181	752	1185	1050.76	1100
TP53_ex	chr17	7572889	7573037	149	745	1195	1044.23	1068
TP53_ex_2	chr17	7573894	7574051	158	563	904	776.563	798
TP53_ex_3	chr17	7576809	7576957	149	1077	1431	1316.2	1346
TP53_ex_4	chr17	7576984	7577173	190	764	1255	1093.74	1158
TP53_ex_5	chr17	7577469	7577648	180	637	1342	1100.32	1150.5
TP53_ex_6	chr17	7578154	7578326	173	897	1226	1146.94	1188
TP53_ex_7	chr17	7578339	7578589	251	1015	1368	1238.37	1240
TP53_ex_8	chr17	7579289	7579605	317	836	1369	1193.57	1211
TP53_ex_9	chr17	7579639	7579772	134	188	1156	966.687	1058.5
TP53_ex_10	chr17	7579804	7579954	151	910	1194	1103.76	1126
POLDIP2_ex	chr17	26684291	26684509	219	121	427	309.183	333
ERBB2_ex	chr17	37879768	37879938	171	819	1404	1210.73	1260
ERBB2_ex_2	chr17	37880143	37880277	135	962	1335	1196.64	1217
ERBB2_ex_3	chr17	37880943	37881204	262	956	1414	1265.69	1304.5
ERBB2_ex_4	chr17	37881268	37881488	221	1101	1423	1291.41	1313
ERBB2_ex_5	chr17	37881538	37881678	141	568	1159	994.518	1039
ERBB2_ex_6	chr17	37881938	37882156	219	827	1402	1219.84	1253
ERBB2_ex_7	chr17	37882788	37882929	142	902	1372	1190.94	1222.5
CA10_ex	chr17	50008315	50008526	212	714	1308	1094.41	1147
ZNF521_ex	chr18	22804281	22807572	3292	863	1535	1335.75	1345
RIT2_ex	chr18	40503560	40503699	140	704	1248	1060.48	1082.5
SYT4_ex	chr18	40850388	40850535	148	764	1168	1037.52	1059
SETBP1_ex	chr18	42529861	42533288	3428	669	1424	1223.01	1219
SLC14A2_ex	chr18	43204627	43204777	151	644	994	847.848	870
SLC14A2_ex_2	chr18	43249282	43249460	179	818	1193	1034.03	1064
SMAD4_ex	chr18	48604649	48604802	154	865	1205	1095.45	1151
DCC_ex	chr18	50683732	50683864	133	859	1304	1148.27	1168
WDR7_ex	chr18	54398650	54398796	147	729	1062	921.905	937
BCL2_ex	chr18	60985524	60985667	144	498	1135	906.049	931
SERPINB3_ex	chr18	61328289	61328432	144	803	1208	1069.51	1107
CDH7_ex	chr18	63477009	63477155	147	770	1131	990.585	1011
CD226_ex	chr18	67563037	67563171	135	932	1298	1156.05	1186
NETO1_ex	chr18	70526104	70526248	145	635	1008	872.317	886
ZNF236_ex	chr18	74620319	74620472	154	371	587	492.182	499.5
STK11_ex	chr19	1206890	1207229	340	938	1940	1628.87	1672.5
STK11_ex_2	chr19	1218385	1218525	141	876	1362	1197.28	1229
STK11_ex_3	chr19	1219295	1219431	137	1072	1610	1399.46	1410
STK11_ex_4	chr19	1220350	1220519	170	950	1519	1333.35	1372.5
STK11_ex_5	chr19	1220550	1220724	175	1013	1269	1143.42	1126
STK11_ex_6	chr19	1221180	1221361	182	1104	1611	1415.03	1452.5
STK11_ex_7	chr19	1221905	1222046	142	500	886	739.387	753
STK11_ex_8	chr19	1222960	1223204	245	904	1613	1380.68	1451
STK11_ex_9	chr19	1226420	1226679	260	221	1074	759.296	835
MAP2K2_ex	chr19	4099176	4099272	97	603	902	792.351	807
MAP2K2_ex_2	chr19	4099376	4099456	81	470	638	578.198	593
MAP2K2_ex_3	chr19	4110481	4110621	141	883	1329	1170.72	1213
MAP2K2_ex_4	chr19	4117451	4117524	74	1017	1216	1145.04	1163.5
MAP2K2_ex_5	chr19	4117591	4117663	73	730	1004	893.11	914
KEAP1_ex	chr19	10597293	10597511	219	728	1229	1058.46	1104
KEAP1_ex_2	chr19	10599833	10600090	258	767	1403	1173.99	1230
KEAP1_ex_3	chr19	10600303	10600514	212	817	1392	1192.37	1234
KEAP1_ex_4	chr19	10602263	10602970	708	567	1581	1348.48	1344.5
KEAP1_ex_5	chr19	10610073	10610710	638	592	1666	1354.42	1476
IGFL3_ex	chr19	46627115	46627261	147	852	1247	1103.5	1128
PDYN_ex	chr20	1960990	1961521	532	709	1187	1079.83	1115
PAK7_ex	chr20	9546528	9546985	458	705	1464	1263.46	1297.5
U2AF1_ex	chr21	44524394	44524462	69	683	1029	868.232	873
U2AF1_ex_2	chr21	44524464	44524541	78	795	1032	947.718	972.5
DMD_ex	chrX	32429836	32430057	222	408	759	625.631	651
FGD1_ex	chrX	54497725	54497925	201	400	716	611.731	647
TRPC5_ex	chrX	111195250	111195640	391	311	749	613.432	635
AMOT_ex	chrX	112024145	112024364	220	353	637	525.691	544
DCAF12L2_ex	chrX	125298579	125298835	257	584	771	713.163	720
DCAF12L2_ex_2	chrX	125298859	125299288	430	574	947	799.458	814
DCAF12L2_ex_3	chrX	125299329	125299403	75	616	676	647.76	646
DCAF12L2_ex_4	chrX	125299449	125299801	353	279	808	635.946	676
DCAF12L1_ex	chrX	125685269	125685520	252	514	762	692.524	715.5
DCAF12L1_ex_2	chrX	125685544	125685751	208	728	814	778.606	780
DCAF12L1_ex_3	chrX	125685759	125685831	73	716	798	753.151	751
DCAF12L1_ex_4	chrX	125685854	125685972	119	650	770	708.571	702
DCAF12L1_ex_5	chrX	125686009	125686084	76	609	686	650.395	646.5
DCAF12L1_ex_6	chrX	125686129	125686562	434	156	823	596.297	694
RPS4Y1_ex	chrY	2712193	2712272	80	438	539	490.05	490
RPS4Y1_ex_2	chrY	2722643	2722721	79	351	429	397.228	402
RPS4Y1_ex_3	chrY	2733178	2733258	81	218	276	260.704	264
ZFY_ex	chrY	2843138	2843272	135	403	606	536.644	551
ZFY_ex_2	chrY	2844743	2844868	126	226	324	286.175	293.5
