#STAMP depth report v1.2
#date=Sat Feb  6 11:27:45 PST 2016
#bam=TruQ3_146.barcode-deduped.bam
#bed=NSCLC_CLIN_OCT2014_intervals_exonic.bed
#len=130725
#min=0
#max=4142
#avg=2049.27
#med=2071
Description	Chr	Start	End	Length	Min_Depth	Max_Depth	Average_Depth	Median_Depth
GRIK3_ex	chr1	37271737	37271884	148	958	1606	1366.78	1385.5
GRIK3_ex_2	chr1	37346222	37346474	253	1520	3209	2602.53	2696
MACF1_ex	chr1	39927559	39927709	151	1017	1662	1356.56	1371
PABPC4_ex	chr1	40035524	40035667	144	1046	1494	1308.58	1333
NT5C1A_ex	chr1	40124904	40125044	141	1222	1722	1503.96	1514
MYCL_ex	chr1	40363259	40363431	173	823	1291	1114.75	1171
RLF_ex	chr1	40627119	40627271	153	961	1539	1321.34	1344
LRRIQ3_ex	chr1	74575056	74575253	198	696	1354	1127.74	1180.5
TGFBR3_ex	chr1	92185462	92185681	220	766	1572	1266.61	1303.5
LPPR4_ex	chr1	99771257	99772585	1329	958	2677	2223.63	2307
NRAS_ex	chr1	115256398	115256631	234	984	1980	1621.82	1684
NRAS_ex_2	chr1	115258638	115258818	181	1499	2159	1890.34	1906
TARS2_ex	chr1	150477075	150477229	155	603	1516	1175.05	1278
MCL1_ex	chr1	150550760	150550919	160	1242	1782	1566.63	1610.5
CTSS_ex	chr1	150727470	150727631	162	1031	1431	1271.83	1294.5
SEMA6C_ex	chr1	151108075	151108232	158	870	1350	1180.57	1188.5
RFX5_ex	chr1	151316185	151316324	140	1272	1836	1602.79	1623
LELP1_ex	chr1	153177253	153177394	142	1084	1709	1484.39	1522
S100A7_ex	chr1	153430293	153430426	134	834	1244	1104.94	1132.5
DENND4B_ex	chr1	153907318	153907429	112	423	692	611.161	646.5
HAX1_ex	chr1	154246270	154246346	77	1064	1302	1204.47	1214
IL6R_ex	chr1	154401715	154401878	164	592	1155	946.902	996
PKLR_ex	chr1	155264325	155264472	148	630	920	800.851	826
SPTA1_ex	chr1	158627234	158627465	232	981	1517	1292.36	1329.5
SPTA1_ex_2	chr1	158632484	158632728	245	1223	2244	1870.8	1937
DDR2_ex	chr1	162743224	162743417	194	1393	2100	1828.45	1884.5
DDR2_ex_2	chr1	162745419	162745656	238	1165	2070	1751.15	1796.5
DDR2_ex_3	chr1	162745904	162746192	289	1642	3101	2492.89	2565
DDR2_ex_4	chr1	162748334	162748548	215	1540	2670	2306.87	2382
DDR2_ex_5	chr1	162749879	162750051	173	1198	2093	1781.06	1848
TNN_ex	chr1	175086076	175086211	136	786	1617	1309.7	1368
TNN_ex_2	chr1	175086221	175086297	77	1006	1524	1271.35	1246
TNR_ex	chr1	175372301	175372766	466	719	2039	1650.17	1791.5
ASTN1_ex	chr1	176915056	176915285	230	925	1723	1420.81	1476
ASTN1_ex_2	chr1	177001586	177002014	429	1120	2063	1753.49	1821
BRINP3_ex	chr1	190067124	190068224	1101	1127	3252	2556.89	2598
BRINP3_ex_2	chr1	190203479	190203619	141	877	1252	1109.55	1130
KCNT2_ex	chr1	196227340	196227582	243	1322	2439	2117.51	2216
NLRP3_ex	chr1	247587162	247588364	1203	1156	2652	2273.79	2304
NLRP3_ex_2	chr1	247588367	247588817	451	1936	2727	2488.14	2528
NLRP3_ex_3	chr1	247588817	247588895	79	1430	1999	1729.82	1755
TRIM58_ex	chr1	248039192	248039764	573	958	2643	2070.73	2235
DDX1_ex	chr2	15760345	15760498	154	973	1493	1303.43	1316.5
MYCN_ex	chr2	16082505	16082642	138	40	132	94.5507	103
ALK_ex	chr2	29416068	29416797	730	1451	3312	2664.07	2748
ALK_ex_2	chr2	29419608	29419751	144	1202	1837	1604.44	1643
ALK_ex_3	chr2	29420373	29420567	195	1319	2248	1926.71	2002
ALK_ex_4	chr2	29430003	29430159	157	1070	1647	1455.27	1495
ALK_ex_5	chr2	29432613	29432759	147	1268	1788	1603.54	1643
ALK_ex_6	chr2	29436818	29436971	154	1013	1484	1322.81	1341.5
ALK_ex_7	chr2	29443538	29443734	197	1032	1803	1486.05	1515
ALK_ex_8	chr2	29445168	29445304	137	1285	1809	1659.09	1691
ALK_ex_9	chr2	29445348	29445487	140	1059	1686	1463.12	1514
ALK_ex_10	chr2	29446178	29446811	634	1437	3005	2515.9	2510.5
ALK_ex_11	chr2	29446818	29448463	1646	1877	3361	2826.59	2840.5
SLC8A1_ex	chr2	40655614	40657081	1468	614	2889	2272.87	2355
SLC8A1_ex_2	chr2	40657084	40657440	357	1447	2487	2167.99	2264
LRRTM4_ex	chr2	77745452	77746964	1513	1084	3332	2690.38	2790
REG3A_ex	chr2	79384672	79384750	79	619	776	716.43	727
REG3A_ex_2	chr2	79384762	79384840	79	477	740	603.304	603
REG3A_ex_3	chr2	79385437	79385543	107	1211	1615	1451.75	1465
CTNNA2_ex	chr2	80085113	80085323	211	1027	2059	1638.74	1664
CTNNA2_ex_2	chr2	80101198	80101492	295	320	1764	1317.68	1476
CTNNA2_ex_3	chr2	80136708	80136972	265	414	1225	959.921	1012
LRRTM1_ex	chr2	80529410	80530860	1451	619	3016	2232.81	2292
ST6GAL2_ex	chr2	107423111	107423415	305	1008	2303	1810.32	1869
CNTNAP5_ex	chr2	125261856	125262161	306	1001	2046	1647.98	1698
LRP1B_ex	chr2	141242897	141243115	219	1122	1972	1626.21	1659
LRP1B_ex_2	chr2	141665412	141665650	239	662	1106	935.372	971
KCNJ3_ex	chr2	155711255	155711854	600	1080	2555	2142.44	2318.5
NFE2L2_ex	chr2	178095482	178096587	1106	1174	3133	2633.93	2743.5
NFE2L2_ex_2	chr2	178096587	178096759	173	1706	2592	2337.01	2406
NFE2L2_ex_3	chr2	178097127	178097309	183	1169	1955	1660.8	1704
NFE2L2_ex_4	chr2	178097952	178098091	140	754	1069	948.957	967
NFE2L2_ex_5	chr2	178098702	178099022	321	974	2686	2040.37	2165
SF3B1_ex	chr2	198267256	198267583	328	207	2012	1438.96	1584
ERBB4_ex	chr2	212286709	212286845	137	1090	1444	1314.69	1333
ERBB4_ex_2	chr2	212288844	212289051	208	1158	1959	1661.49	1729
ERBB4_ex_3	chr2	212293094	212293234	141	1117	1579	1406.97	1425
ERBB4_ex_4	chr2	212295644	212295847	204	909	2273	1784.82	1870.5
ERBB4_ex_5	chr2	212426604	212426850	247	1230	2205	1800.72	1846
ERBB4_ex_6	chr2	212483874	212484009	136	890	1395	1230.71	1261.5
ERBB4_ex_7	chr2	212488614	212488802	189	698	1845	1422.34	1490
CUL3_ex	chr2	225338940	225339104	165	1250	1961	1713.53	1764
CUL3_ex_2	chr2	225342895	225343098	204	1157	2066	1750.07	1810.5
CUL3_ex_3	chr2	225346585	225346828	244	1396	2568	2090.91	2138.5
CUL3_ex_4	chr2	225360525	225360695	171	1123	2133	1784.71	1850
CUL3_ex_5	chr2	225362445	225362591	147	1310	2036	1783.48	1838
CUL3_ex_6	chr2	225365045	225365224	180	1252	1988	1699.14	1724
CUL3_ex_7	chr2	225367655	225367800	146	1269	1832	1606.6	1619.5
CUL3_ex_8	chr2	225368335	225368547	213	1032	1804	1526.08	1556
CUL3_ex_9	chr2	225370650	225370855	206	1194	2248	1827.74	1868.5
CUL3_ex_10	chr2	225371545	225371754	210	1335	2183	1848.15	1904
CUL3_ex_11	chr2	225376050	225376300	251	1134	2225	1775.35	1832
CUL3_ex_12	chr2	225378220	225378390	171	550	1217	1012.4	1078
CUL3_ex_13	chr2	225379295	225379508	214	1426	2420	2036.07	2110
CUL3_ex_14	chr2	225400220	225400397	178	811	1874	1516.78	1603
CUL3_ex_15	chr2	225422350	225422599	250	214	2328	1551.53	1701.5
CUL3_ex_16	chr2	225449620	225449754	135	690	1073	915.859	927
ASB18_ex	chr2	237172815	237172971	157	1101	1597	1382.38	1418
RAF1_ex	chr3	12625987	12626199	213	1719	2704	2334.67	2429
RAF1_ex_2	chr3	12632272	12632487	216	1038	2084	1726.53	1818
RAF1_ex_3	chr3	12633172	12633310	139	1405	2020	1774.58	1822
MYD88_ex	chr3	38182589	38182802	214	919	2285	1800.47	1919
CTNNB1_ex	chr3	41266046	41266203	158	1057	1409	1253.94	1268.5
FOXP1_ex	chr3	71015043	71015201	159	1486	2153	1909.72	1959
PDZRN3_ex	chr3	73432596	73433959	1364	1116	2898	2284.47	2397
ROBO1_ex	chr3	78766421	78766566	146	949	1496	1297.11	1355
ZIC4_ex	chr3	147108706	147109059	354	658	1512	1174.33	1230
ZIC4_ex_2	chr3	147113616	147114276	661	1342	2755	2063.94	1980
ZIC1_ex	chr3	147127941	147128721	781	785	2109	1597.02	1563
ZIC1_ex_2	chr3	147128786	147128884	99	1339	1891	1629.82	1686
IQCJ_ex	chr3	158982995	158983175	181	1480	2321	1997.04	2032
MECOM_ex	chr3	168840358	168840506	149	1069	1619	1420.64	1464
MYNN_ex	chr3	169501222	169501373	152	1311	2035	1771.85	1802
SAMD7_ex	chr3	169646232	169646375	144	1196	1902	1666.06	1729
PHC3_ex	chr3	169896647	169896721	75	1326	1562	1465.51	1477
CLDN11_ex	chr3	170140951	170141100	150	1073	1727	1506.81	1568.5
SLC2A2_ex	chr3	170716001	170716143	143	893	1380	1197.36	1218
PIK3CA_ex	chr3	178916514	178916999	486	1485	3066	2472.64	2542.5
PIK3CA_ex_2	chr3	178921304	178921594	291	1423	2659	2216.79	2305
PIK3CA_ex_3	chr3	178927964	178928132	169	1117	2272	1879.69	1969
PIK3CA_ex_4	chr3	178935989	178936159	171	877	1549	1331.96	1391
PIK3CA_ex_5	chr3	178951854	178952172	319	1111	2130	1740.55	1825
SOX2_ex	chr3	181430124	181430303	180	229	1274	759.739	762.5
SOX2_ex_2	chr3	181430354	181430630	277	1205	2201	1774.55	1830
SOX2_ex_3	chr3	181430674	181430922	249	1167	1683	1443.91	1498
SOX2_ex_4	chr3	181430929	181431073	145	682	1446	1124.31	1142
ATP11B_ex	chr3	182584062	182584219	158	693	1123	957.481	978.5
MCCC1_ex	chr3	182733212	182733363	152	1130	1824	1575.15	1610.5
MCF2L2_ex	chr3	183014776	183014924	149	1248	1832	1615.11	1628
KLHL6_ex	chr3	183273223	183273359	137	1328	1925	1723.04	1775
HTR3E_ex	chr3	183818283	183818415	133	1256	1955	1702.15	1727
TP63_ex	chr3	189455494	189455678	185	1029	1735	1474.36	1514
TP63_ex_2	chr3	189526039	189526349	311	891	1856	1502.73	1549
TP63_ex_3	chr3	189586344	189586525	182	1250	1965	1696.27	1729.5
GABRA2_ex	chr4	46252300	46252618	319	1351	2908	2294.75	2342
FRYL_ex	chr4	48622620	48622811	192	1608	2611	2244.18	2280.5
PDGFRA_ex	chr4	55139671	55139926	256	1327	2140	1811.55	1854
PDGFRA_ex_2	chr4	55140661	55140810	150	1169	1895	1662.59	1713.5
PDGFRA_ex_3	chr4	55140976	55141165	190	1606	2323	2053.87	2110
PDGFRA_ex_4	chr4	55143521	55143671	151	1861	2727	2422.7	2467
PDGFRA_ex_5	chr4	55144041	55144214	174	1075	1629	1402.14	1424
PDGFRA_ex_6	chr4	55144496	55144724	229	1123	2133	1813.35	1949
PDGFRA_ex_7	chr4	55146461	55146680	220	382	1651	1215.9	1338
PDGFRA_ex_8	chr4	55151506	55151679	174	1600	2616	2252.9	2320
PDGFRA_ex_9	chr4	55151986	55152174	189	411	1638	1169.63	1216
PDGFRA_ex_10	chr4	55153571	55153751	181	1113	1878	1597.28	1625
PDGFRA_ex_11	chr4	55154941	55155077	137	1349	1834	1660.69	1723
PDGFRA_ex_12	chr4	55155151	55155322	172	2196	2890	2602.42	2621.5
KIT_ex	chr4	55592001	55592232	232	1357	2560	2130.92	2196.5
KIT_ex_2	chr4	55593361	55593499	139	1256	2250	1841.35	1898
KIT_ex_3	chr4	55593551	55593724	174	1638	2413	2206.32	2281
KIT_ex_4	chr4	55593961	55594111	151	1579	2233	2041.16	2113
KIT_ex_5	chr4	55594151	55594327	177	1338	2220	1960.89	2091
KIT_ex_6	chr4	55595471	55595693	223	954	1700	1445.76	1508
KIT_ex_7	chr4	55597456	55597604	149	867	1318	1149.11	1176
KIT_ex_8	chr4	55598001	55598189	189	724	2276	1685.62	1695
KIT_ex_9	chr4	55599211	55599391	181	913	1543	1329.66	1376
KIT_ex_10	chr4	55602631	55602806	176	1632	2634	2320.94	2381
KIT_ex_11	chr4	55602856	55602999	144	1244	2003	1692.76	1765
KIT_ex_12	chr4	55603311	55603491	181	1172	1752	1566.49	1609
KDR_ex	chr4	55955013	55955154	142	1285	1812	1603.26	1624
KDR_ex_2	chr4	55962373	55962551	179	827	1698	1408.89	1489
KDR_ex_3	chr4	55964278	55964468	191	1072	1778	1507.82	1564
FBXW7_ex	chr4	153247190	153247405	216	912	1770	1488.27	1545
MARCH1_ex	chr4	164534436	164534688	253	1481	2791	2272.75	2339
TRIP13_ex	chr5	917097	917247	151	1016	1428	1271.91	1301
NKD2_ex	chr5	1034312	1034466	155	1365	2240	1930.17	1982
SLC6A19_ex	chr5	1216902	1217054	153	853	1565	1313.73	1354
TERT_ex	chr5	1295072	1295271	200	39	94	70.17	71.5
FBXL7_ex	chr5	15927993	15928621	629	968	2373	1723.73	1858
CDH18_ex	chr5	19473429	19473853	425	1304	2673	2248.46	2361
CDH12_ex	chr5	21751830	21752361	532	1044	2932	2384.87	2645.5
CDH12_ex_2	chr5	22078530	22078784	255	1153	2606	2095.97	2188
CDH9_ex	chr5	26881229	26881749	521	1611	3003	2559.42	2745
CDH9_ex_2	chr5	26906034	26906250	217	1325	2420	2001.58	2047
CDH9_ex_3	chr5	26915729	26916048	320	1124	2331	1871.43	1968.5
ADAMTS12_ex	chr5	33576138	33577189	1052	1820	3511	3027.71	3111
ADAMTS12_ex_2	chr5	33683948	33684170	223	948	1535	1305.19	1330
SLC45A2_ex	chr5	33947248	33947491	244	1613	2983	2486.7	2635
UGT3A2_ex	chr5	36037928	36038001	74	1013	1273	1190.3	1212.5
UGT3A2_ex_2	chr5	36038013	36038091	79	809	1206	1064.76	1101
SKP2_ex	chr5	36183948	36184102	155	1119	1868	1628.23	1695
SLC1A3_ex	chr5	36679773	36679913	141	1131	1813	1579.52	1624
NUP155_ex	chr5	37370928	37371073	146	652	1087	917.664	934
EGFLAM_ex	chr5	38352293	38352437	145	1063	1591	1410.24	1428
C9_ex	chr5	39306733	39306870	138	1129	1677	1482.36	1503.5
HCN1_ex	chr5	45262028	45262905	878	1368	3112	2592.21	2662
HCN1_ex_2	chr5	45267168	45267374	207	1458	2627	2207.75	2300
HCN1_ex_3	chr5	45353198	45353353	156	639	1355	1110.45	1171
HTR1A_ex	chr5	63256324	63257490	1167	931	2875	2156.42	2205
HAPLN1_ex	chr5	82937302	82937528	227	424	947	753.573	790
FBN2_ex	chr5	127648290	127648512	223	1091	1814	1550.42	1597
PDGFRB_ex	chr5	149498288	149498434	147	1203	1715	1510.33	1533
PDGFRB_ex_2	chr5	149499008	149499153	146	1160	1780	1528.18	1553
PDGFRB_ex_3	chr5	149499553	149499723	171	1701	2561	2235.47	2259
PDGFRB_ex_4	chr5	149500428	149500605	178	1219	1981	1718.8	1771.5
PDGFRB_ex_5	chr5	149500738	149500927	190	1107	1712	1499.82	1543
PDGFRB_ex_6	chr5	149501418	149501626	209	1076	2275	1858.41	1977
PDGFRB_ex_7	chr5	149502573	149502798	226	1491	2997	2443.23	2487
PDGFRB_ex_8	chr5	149503788	149503961	174	1204	1967	1640.74	1682.5
PDGFRB_ex_9	chr5	149504258	149504418	161	425	672	570.248	580
PDGFRB_ex_10	chr5	149504978	149505164	187	701	1365	1117.4	1159
GABRA6_ex	chr5	161128482	161128768	287	1018	2085	1707.21	1774
SLIT3_ex	chr5	168134946	168135167	222	1247	2104	1765.77	1842.5
ROS1_ex	chr6	117609633	117609983	351	1042	2119	1723.39	1801
ROS1_ex_2	chr6	117622113	117622313	201	1254	2397	1998.45	2096
ROS1_ex_3	chr6	117629933	117630106	174	1151	1974	1692.14	1757
ROS1_ex_4	chr6	117631223	117631463	241	964	2174	1785.59	1878
ROS1_ex_5	chr6	117632148	117632288	141	1265	1698	1521.79	1558
ROS1_ex_6	chr6	117638273	117638470	198	1013	1624	1385.83	1417
ROS1_ex_7	chr6	117639298	117639453	156	1059	1547	1376.89	1429
ROS1_ex_8	chr6	117641008	117641428	421	1506	2940	2515.19	2619
ROS1_ex_9	chr6	117641438	117642993	1556	298	2923	2383.54	2546.5
ROS1_ex_10	chr6	117645158	117646127	970	1623	2899	2395.85	2472.5
ROS1_ex_11	chr6	117647288	117648778	1491	483	3074	2572	2711
ROS1_ex_12	chr6	117648943	117650620	1678	2118	3216	2674.84	2656.5
ROS1_ex_13	chr6	117657883	117658535	653	983	2619	2110.6	2356
PARK2_ex	chr6	161969889	161970031	143	571	782	687.545	694
PACRG_ex	chr6	163149267	163149420	154	964	1491	1308.38	1333.5
C6orf118_ex	chr6	165715051	165715324	274	1102	2484	2038.76	2248
C6orf118_ex_2	chr6	165715336	165715696	361	1859	3060	2669.79	2750
HDAC9_ex	chr7	18705854	18706045	192	839	1590	1299.7	1382
POM121L12_ex	chr7	53103391	53104267	877	1307	3008	2362.65	2474
VSTM2A_ex	chr7	54617611	54617769	159	859	1501	1298.35	1329
EGFR_ex	chr7	55241591	55241759	169	1454	2168	1901.68	1918
EGFR_ex_2	chr7	55242381	55242526	146	1502	2353	2047.53	2088
EGFR_ex_3	chr7	55248951	55249200	250	1487	2258	2019.66	2067
EGFR_ex_4	chr7	55259376	55259601	226	1552	3083	2526.25	2600
EGFR_ex_5	chr7	55260416	55260574	159	1153	1750	1557.89	1602
EGFR_ex_6	chr7	55266386	55266601	216	1580	2582	2213.74	2319
EGFR_ex_7	chr7	55267986	55268123	138	1891	2668	2329.5	2356
LANCL2_ex	chr7	55492961	55493101	141	1922	2648	2372.56	2409
ZNF713_ex	chr7	55990836	55990988	153	1650	2395	2116.64	2158
ZAN_ex	chr7	100385525	100385744	220	743	1581	1273.41	1365.5
MET_ex	chr7	116411893	116412071	179	1976	3074	2629.3	2664
MET_ex_2	chr7	116417408	116417550	143	1873	2662	2373.98	2413
MET_ex_3	chr7	116418808	116419051	244	1875	3184	2694.66	2773.5
MET_ex_4	chr7	116422018	116422192	175	1092	1596	1394.61	1443
MET_ex_5	chr7	116423323	116423536	214	2179	2994	2700.26	2803
MET_ex_6	chr7	116435673	116435857	185	1279	2644	2175.66	2306
MET_ex_7	chr7	116435918	116436202	285	1876	3409	2846.2	2966
KCND2_ex	chr7	119914661	119915728	1068	1215	3678	2642.63	2702.5
GRM8_ex	chr7	126172979	126173946	968	1200	3610	2999.29	3138
CHRM2_ex	chr7	136699601	136701045	1445	1458	3760	3093.4	3192
BRAF_ex	chr7	140434372	140434446	75	838	1435	1138.28	1146
BRAF_ex_2	chr7	140434482	140434561	80	440	1115	737.188	716
BRAF_ex_3	chr7	140439682	140439757	76	469	605	563.882	575.5
BRAF_ex_4	chr7	140449052	140449119	68	869	1143	1021.4	1035.5
BRAF_ex_5	chr7	140449177	140449255	79	707	1062	929.734	938
BRAF_ex_6	chr7	140453047	140453225	179	915	1469	1288.87	1316
BRAF_ex_7	chr7	140453937	140454069	133	1502	2186	1945.74	1991
BRAF_ex_8	chr7	140476747	140476828	82	879	1458	1204.61	1240
BRAF_ex_9	chr7	140476842	140476919	78	923	1494	1270.38	1315
BRAF_ex_10	chr7	140477762	140477913	152	1303	2182	1909.66	1955
BRAF_ex_11	chr7	140481379	140481507	129	292	457	401.713	414
CNTNAP2_ex	chr7	146829378	146829605	228	1420	2406	2008.5	2084.5
CSMD1_ex	chr8	2855544	2855681	138	991	1475	1283.59	1303.5
SGCZ_ex	chr8	13959864	13960019	156	523	1160	936.064	992.5
LPL_ex	chr8	19809280	19809487	208	1731	2562	2287.45	2361
WHSC1L1_ex	chr8	38173423	38173569	147	1105	1600	1420.89	1437
FGFR1_ex	chr8	38271413	38271567	155	1046	1509	1354.22	1372
FGFR1_ex_2	chr8	38271643	38271843	201	1212	1780	1566.92	1603
FGFR1_ex_3	chr8	38272033	38272174	142	1006	1366	1203.75	1217.5
FGFR1_ex_4	chr8	38272268	38272446	179	1351	2189	1939.66	1984
FGFR1_ex_5	chr8	38273358	38273606	249	1063	2272	1772.01	1811
FGFR1_ex_6	chr8	38274798	38274969	172	818	1262	1091.41	1097
FGFR1_ex_7	chr8	38275353	38275526	174	915	1707	1451.7	1517
DCAF4L2_ex	chr8	88885057	88885301	245	2333	3451	2997.43	3041
DCAF4L2_ex_2	chr8	88885302	88885455	154	1624	2487	2040.88	2044
DCAF4L2_ex_3	chr8	88885462	88885546	85	1565	2031	1796.67	1782
DCAF4L2_ex_4	chr8	88885557	88886235	679	1833	4025	3194.4	3340
CSMD3_ex	chr8	113256609	113256816	208	1625	2818	2388.83	2470.5
CSMD3_ex_2	chr8	113301569	113301781	213	1366	2544	2142.92	2181
CSMD3_ex_3	chr8	113304734	113304955	222	1627	2755	2292.85	2329
CSMD3_ex_4	chr8	113568979	113569192	214	1412	2667	2231.4	2332
CSMD3_ex_5	chr8	113694634	113694887	254	1628	2933	2476.61	2536
CSMD3_ex_6	chr8	113697629	113697972	344	1939	3492	3005.15	3169.5
MYC_ex	chr8	128750807	128750953	147	1364	2445	2060.31	2149
TG_ex	chr8	133905914	133906161	248	2086	3627	3031.97	3170
FAM135B_ex	chr8	139151207	139151354	148	1203	2249	1886.48	1979
FAM135B_ex_2	chr8	139163432	139165467	2036	163	4142	3303.65	3488
COL22A1_ex	chr8	139606232	139606449	218	963	1736	1476.93	1523
PTPRD_ex	chr9	8528610	8528754	145	1208	1718	1486.21	1505
CDKN2A_ex	chr9	21968154	21968293	140	917	2196	1716.71	1802
CDKN2A_ex_2	chr9	21968669	21968817	149	1028	1427	1272.74	1285
CDKN2A_ex_3	chr9	21970869	21971023	155	598	819	726.819	729
CDKN2A_ex_4	chr9	21971074	21971146	73	372	594	526.534	542
CDKN2A_ex_5	chr9	21974444	21974836	393	537	2593	1699.34	1830
ASTN2_ex	chr9	119976629	119976988	360	1101	2608	2025.19	2099.5
ABL1_ex	chr9	133738125	133738431	307	1709	3130	2627.41	2735
ABL1_ex_2	chr9	133747485	133747622	138	1395	1974	1733.2	1759.5
ABL1_ex_3	chr9	133748215	133748439	225	1338	2663	2181.78	2236
ABL1_ex_4	chr9	133750230	133750477	248	1783	2756	2407.58	2545.5
ABL1_ex_5	chr9	133753770	133753998	229	1466	2541	2166.46	2248
ABL1_ex_6	chr9	133755415	133755561	147	1542	2262	1995.68	2024
NOTCH1_ex	chr9	139390492	139392023	1532	975	2980	2377.26	2386.5
NOTCH1_ex_2	chr9	139396697	139396976	280	393	1519	1047.54	1121
NOTCH1_ex_3	chr9	139397602	139397822	221	1053	2127	1750.47	1802
NOTCH1_ex_4	chr9	139399092	139399590	499	563	1655	1280.42	1334
RET_ex	chr10	43606627	43609247	2621	712	3351	2585.23	2632
RET_ex_2	chr10	43609672	43612193	2522	1273	3419	2510.01	2461
RET_ex_3	chr10	43613787	43613935	149	504	717	635.55	644
RET_ex_4	chr10	43614952	43615241	290	782	1744	1326.58	1363
RET_ex_5	chr10	43615497	43615675	179	1448	2321	1995.49	2025
RET_ex_6	chr10	43617347	43617495	149	1367	2133	1874.89	1939
RET_ex_7	chr10	43619092	43619274	183	1425	2245	1936.16	1967
RET_ex_8	chr10	43620297	43620443	147	1473	2084	1856.64	1863
GRID1_ex	chr10	87628744	87628948	205	1524	2584	2163.17	2201
PTEN_ex	chr10	89624272	89624350	79	1014	1243	1158.32	1158
PTEN_ex_2	chr10	89653752	89653825	74	557	857	738.743	749.5
PTEN_ex_3	chr10	89653832	89653909	78	678	909	836.577	868
PTEN_ex_4	chr10	89685272	89685376	105	654	837	778.971	795
PTEN_ex_5	chr10	89690752	89690894	143	725	1455	1155.76	1176
PTEN_ex_6	chr10	89692737	89692810	74	333	768	535.243	521.5
PTEN_ex_7	chr10	89692877	89692951	75	1144	1347	1283.24	1296
PTEN_ex_8	chr10	89692972	89693037	66	920	1299	1139.59	1153.5
PTEN_ex_9	chr10	89711887	89711966	80	676	797	748.862	758.5
PTEN_ex_10	chr10	89717577	89717776	200	696	1402	1144.39	1179.5
PTEN_ex_11	chr10	89720642	89720880	239	135	1822	1226.56	1375
PTEN_ex_12	chr10	89725022	89725169	148	710	1052	920.25	941.5
FGFR2_ex	chr10	123243190	123243329	140	1482	2280	2009.1	2059
FGFR2_ex_2	chr10	123244880	123245060	181	1614	2865	2461.46	2558
FGFR2_ex_3	chr10	123246830	123246966	137	1099	1696	1476.44	1514
FGFR2_ex_4	chr10	123247475	123247652	178	1494	2448	2076.73	2148.5
FGFR2_ex_5	chr10	123256010	123256272	263	1079	2526	2072.21	2224
FGFR2_ex_6	chr10	123257975	123258163	189	918	1757	1497.74	1582
FGFR2_ex_7	chr10	123260315	123260496	182	1042	1800	1549.02	1592.5
HRAS_ex	chr11	533740	533979	240	1208	2394	1921.87	1954.5
HRAS_ex_2	chr11	534190	534303	114	765	1289	1116.87	1187
MS4A3_ex	chr11	59828607	59828816	210	1058	2030	1657.07	1692
MRGPRD_ex	chr11	68747893	68748040	148	1059	1577	1367.17	1371
TPCN2_ex	chr11	68822653	68822798	146	606	946	817.829	840.5
MYEOV_ex	chr11	69063388	69063542	155	1483	2366	2083.52	2137
CCND1_ex	chr11	69458601	69458742	142	1172	1709	1505.04	1545
FGF3_ex	chr11	69631066	69631206	141	1187	1883	1662.89	1704
NCAM1_ex	chr11	113102866	113103090	225	1024	2063	1691.55	1790
NTM_ex	chr11	132081890	132082058	169	895	1692	1415.04	1469
ABCC9_ex	chr12	22068669	22068839	171	1160	1719	1494.35	1534
KRAS_ex	chr12	25378518	25378628	111	1194	1637	1486.95	1521
KRAS_ex_2	chr12	25378668	25378736	69	714	1232	971.797	971
KRAS_ex_3	chr12	25380138	25380301	164	971	1500	1329.77	1376.5
KRAS_ex_4	chr12	25380308	25380385	78	724	1250	1005.77	1001
KRAS_ex_5	chr12	25398223	25398302	80	362	417	393.137	394
IFLTD1_ex	chr12	25702298	25702436	139	1119	1616	1422.12	1434
MDM2_ex	chr12	69233264	69233407	144	893	1284	1147.72	1183
NAV3_ex	chr12	78400185	78400668	484	1251	2678	2203.25	2219.5
NAV3_ex_2	chr12	78400730	78401224	495	1240	2724	2266.8	2346
TUBA3C_ex	chr13	19748070	19748146	77	393	491	450.701	450
TPTE2_ex	chr13	20039425	20039497	73	801	929	881.055	888
MPHOSPH8_ex	chr13	20240560	20240714	155	1071	1562	1380.59	1414
PSPC1_ex	chr13	20346455	20346607	153	940	1378	1231.71	1271
ZMYM5_ex	chr13	20412927	20413034	108	1226	1620	1466.16	1480.5
RB1_ex	chr13	48878015	48878209	195	198	551	402.415	423
RB1_ex_2	chr13	48881385	48881558	174	1325	2067	1815.43	1879
RB1_ex_3	chr13	48916700	48917022	323	1476	2219	1996.98	2099
RB1_ex_4	chr13	48919190	48919357	168	1056	1831	1542.51	1588.5
RB1_ex_5	chr13	48921900	48922036	137	736	1094	961.066	977
RB1_ex_6	chr13	48923050	48923182	133	721	1275	1068.95	1100
RB1_ex_7	chr13	48934130	48934295	166	1189	1878	1635.51	1671
RB1_ex_8	chr13	48936925	48937127	203	1199	2078	1743.26	1765
RB1_ex_9	chr13	48938995	48939127	133	990	1371	1223.29	1237
RB1_ex_10	chr13	48941595	48941782	188	1111	1777	1545.91	1583.5
RB1_ex_11	chr13	48942630	48942761	132	1514	1977	1782.77	1814
RB1_ex_12	chr13	48947500	48947645	146	791	1165	1031.86	1047
RB1_ex_13	chr13	48951030	48951209	180	1373	2278	1953.78	2014.5
RB1_ex_14	chr13	48953715	48953810	96	695	1083	931.76	961.5
RB1_ex_15	chr13	48954170	48954235	66	30	76	45.8485	42.5
RB1_ex_16	chr13	48954295	48954404	110	213	901	634.573	664
RB1_ex_17	chr13	48955375	48955626	252	622	2191	1553.02	1611.5
LPAR6_ex	chr13	48985970	48986111	142	1384	2056	1814.09	1861.5
RB1_ex_18	chr13	49027105	49027282	178	900	1425	1240.4	1280
RB1_ex_19	chr13	49030315	49030517	203	1041	1765	1491.78	1543
RB1_ex_20	chr13	49033800	49034007	208	254	1882	1294.14	1420.5
RB1_ex_21	chr13	49037835	49037984	150	810	1160	1043.92	1080.5
RB1_ex_22	chr13	49039110	49039277	168	77	1703	974.833	1023
RB1_ex_23	chr13	49039315	49039518	204	1565	2396	2089.86	2127
RB1_ex_24	chr13	49047430	49047576	147	1040	1497	1325.66	1374
RB1_ex_25	chr13	49050815	49050983	169	1757	2645	2342.86	2387
RB1_ex_26	chr13	49051440	49051572	133	563	862	750.323	780
RB1_ex_27	chr13	49054085	49054245	161	906	1493	1249.67	1274
KLHL1_ex	chr13	70681316	70681856	541	1220	2717	2227.13	2325
SLITRK1_ex	chr13	84453597	84455634	2038	1399	3166	2685.51	2738
LRFN5_ex	chr14	42355817	42357220	1404	1436	3654	3002.4	3033
C14orf177_ex	chr14	99183471	99183646	176	1245	1955	1701.47	1759.5
AKT1_ex	chr14	105246390	105246570	181	1748	2861	2529.52	2626
MKRN3_ex	chr15	23810934	23812061	1128	1103	3229	2359.43	2313.5
MKRN3_ex_2	chr15	23812104	23812496	393	1467	2886	2394.06	2500
MAP2K1_ex	chr15	66727329	66727602	274	711	1242	1010.22	1017.5
MAP2K1_ex_2	chr15	66729049	66729123	75	950	1394	1181.32	1194
MAP2K1_ex_3	chr15	66729139	66729253	115	1025	1464	1315.97	1372
MAP2K1_ex_4	chr15	66735574	66735650	77	776	1163	984.13	1000
MAP2K1_ex_5	chr15	66735664	66735738	75	1018	1280	1190.71	1218
MAP2K1_ex_6	chr15	66737009	66737088	80	549	724	657.4	659.5
MAP2K1_ex_7	chr15	66774059	66774241	183	925	1497	1301.11	1346
MAP2K1_ex_8	chr15	66777294	66777550	257	1406	2775	2298.09	2416
MAP2K1_ex_9	chr15	66779539	66779676	138	746	1202	1055.63	1088.5
MAP2K1_ex_10	chr15	66781504	66781654	151	729	1129	986.907	1010
MAP2K1_ex_11	chr15	66781994	66782146	153	1044	1468	1307.41	1334
MAP2K1_ex_12	chr15	66782804	66782984	181	1055	1715	1467.62	1522
TP53_ex	chr17	7572889	7573037	149	1385	2161	1850.42	1871
TP53_ex_2	chr17	7573894	7574051	158	766	1127	972.506	986
TP53_ex_3	chr17	7576809	7576957	149	2441	2821	2653.37	2672
TP53_ex_4	chr17	7576984	7577173	190	1156	2371	1910.41	2038
TP53_ex_5	chr17	7577469	7577648	180	618	2073	1547.12	1716
TP53_ex_6	chr17	7578154	7578326	173	1119	2012	1659.31	1721
TP53_ex_7	chr17	7578339	7578589	251	1598	2243	2002.53	1994
TP53_ex_8	chr17	7579289	7579605	317	763	2530	1961.11	2093
TP53_ex_9	chr17	7579639	7579772	134	169	1522	692.493	616.5
TP53_ex_10	chr17	7579804	7579954	151	1235	2053	1734.07	1749
POLDIP2_ex	chr17	26684291	26684509	219	0	0	0	0
ERBB2_ex	chr17	37879768	37879938	171	1318	2464	2024.91	2095
ERBB2_ex_2	chr17	37880143	37880277	135	1665	2188	1979.76	2009
ERBB2_ex_3	chr17	37880943	37881204	262	1381	2198	1908.6	1925
ERBB2_ex_4	chr17	37881268	37881488	221	1802	2336	2095.37	2122
ERBB2_ex_5	chr17	37881538	37881678	141	753	1758	1434.73	1484
ERBB2_ex_6	chr17	37881938	37882156	219	1267	2416	2011.74	2090
ERBB2_ex_7	chr17	37882788	37882929	142	1342	2022	1764.35	1810.5
CA10_ex	chr17	50008315	50008526	212	1756	3133	2579.52	2627.5
ZNF521_ex	chr18	22804281	22807572	3292	1512	3171	2736.88	2767
RIT2_ex	chr18	40503560	40503699	140	565	1546	1173.09	1275.5
SYT4_ex	chr18	40850388	40850535	148	1014	1504	1340.79	1363.5
SETBP1_ex	chr18	42529861	42533288	3428	1250	3363	2743.84	2862
SLC14A2_ex	chr18	43204627	43204777	151	866	1271	1085.39	1109
SLC14A2_ex_2	chr18	43249282	43249460	179	995	1403	1224.26	1249
SMAD4_ex	chr18	48604649	48604802	154	1622	2192	1960.01	2024
DCC_ex	chr18	50683732	50683864	133	1378	2048	1821.77	1849
WDR7_ex	chr18	54398650	54398796	147	1041	1379	1249.18	1272
BCL2_ex	chr18	60985524	60985667	144	521	1091	860.896	878
SERPINB3_ex	chr18	61328289	61328432	144	1511	2291	2003.77	2057
CDH7_ex	chr18	63477009	63477155	147	908	1275	1122.74	1135
CD226_ex	chr18	67563037	67563171	135	1619	2300	2044.46	2085
NETO1_ex	chr18	70526104	70526248	145	916	1556	1355.57	1408
ZNF236_ex	chr18	74620319	74620472	154	397	586	513.929	518.5
STK11_ex	chr19	1206890	1207229	340	1131	3221	2408.71	2487
STK11_ex_2	chr19	1218385	1218525	141	1196	1839	1624.1	1670
STK11_ex_3	chr19	1219295	1219431	137	1265	2091	1811.51	1871
STK11_ex_4	chr19	1220350	1220519	170	1400	2225	1924.25	1961
STK11_ex_5	chr19	1220550	1220724	175	1219	1792	1559.05	1572
STK11_ex_6	chr19	1221180	1221361	182	1602	2358	2043.09	2104
STK11_ex_7	chr19	1221905	1222046	142	422	706	595.683	601
STK11_ex_8	chr19	1222960	1223204	245	1348	2612	2094.18	2177
STK11_ex_9	chr19	1226420	1226679	260	249	1013	746.715	787.5
MAP2K2_ex	chr19	4099176	4099272	97	632	923	816.536	825
MAP2K2_ex_2	chr19	4099376	4099456	81	520	699	615.593	623
MAP2K2_ex_3	chr19	4110481	4110621	141	990	1566	1357.79	1392
MAP2K2_ex_4	chr19	4117451	4117524	74	996	1274	1174.53	1200
MAP2K2_ex_5	chr19	4117591	4117663	73	771	1090	931.973	939
KEAP1_ex	chr19	10597293	10597511	219	1023	1727	1464.7	1523
KEAP1_ex_2	chr19	10599833	10600090	258	793	1923	1499.41	1592.5
KEAP1_ex_3	chr19	10600303	10600514	212	1222	2434	1973.39	2037.5
KEAP1_ex_4	chr19	10602263	10602970	708	1524	2596	2276.38	2298
KEAP1_ex_5	chr19	10610073	10610710	638	824	2870	2142.21	2387
IGFL3_ex	chr19	46627115	46627261	147	1471	2091	1818.13	1846
PDYN_ex	chr20	1960990	1961521	532	1305	2741	2236.28	2363.5
PAK7_ex	chr20	9546528	9546985	458	1847	3659	3075.13	3185
U2AF1_ex	chr21	44524394	44524462	69	903	1272	1100.3	1108
U2AF1_ex_2	chr21	44524464	44524541	78	918	1270	1136.76	1167
DMD_ex	chrX	32429836	32430057	222	737	1311	1088.26	1117
FGD1_ex	chrX	54497725	54497925	201	1263	2130	1786.02	1841
TRPC5_ex	chrX	111195250	111195640	391	478	1638	1301.66	1434
AMOT_ex	chrX	112024145	112024364	220	749	1297	1076.75	1100
DCAF12L2_ex	chrX	125298579	125298835	257	1155	1687	1509.92	1519
DCAF12L2_ex_2	chrX	125298859	125299288	430	1121	2059	1742.19	1826.5
DCAF12L2_ex_3	chrX	125299329	125299403	75	1179	1299	1245.04	1252
DCAF12L2_ex_4	chrX	125299449	125299801	353	451	1558	1168.75	1334
DCAF12L1_ex	chrX	125685269	125685520	252	987	1743	1528.88	1611
DCAF12L1_ex_2	chrX	125685544	125685751	208	1615	1998	1834.77	1838
DCAF12L1_ex_3	chrX	125685759	125685831	73	1513	1769	1645.97	1638
DCAF12L1_ex_4	chrX	125685854	125685972	119	1123	1564	1365.86	1345
DCAF12L1_ex_5	chrX	125686009	125686084	76	1130	1324	1229.71	1224
DCAF12L1_ex_6	chrX	125686129	125686562	434	260	1688	1153.8	1358.5
RPS4Y1_ex	chrY	2712193	2712272	80	0	0	0	0
RPS4Y1_ex_2	chrY	2722643	2722721	79	0	0	0	0
RPS4Y1_ex_3	chrY	2733178	2733258	81	0	0	0	0
ZFY_ex	chrY	2843138	2843272	135	0	1	0.666667	1
ZFY_ex_2	chrY	2844743	2844868	126	0	1	0.31746	0
